465669154
535352077
903839832
717088505
224558935
243469188
291225072
589937811
543919916
342384553
988535706
134447442
876466159
29536553
414273492
383033086
483251226
170589302
361440605
448970500
13904409
316475944
605017228
141316649
458923106
249701314
986490569
922704397
860037695
794798399
467409814
320392789
946893007
261620829
691791919
425369372
431765932
555193944
926305499
169964105
38765693
682134856
857511394
661349948
469940047
111191972
617039910
966467828
417937057
204242802
578436559
393328626
423348565
724128500
923509401
494308638
844588145
246992138
711362944
728969017
459132930
159327051
199904994
967093648
247185341
803730789
467464117
787054437
722286883
252398916
961257603
830276194
768143338
133682173
459800769
309488448
316896804
914569559
77950252
136614560
361306787
50749178
366125461
35563309
731778989
455936935
259354082
435851849
788907186
813453581
617138746
904902883
683170015
355568251
361743968
370023422
115650982
869916792
770353470
405486031
