465669154
535352077
903839832
717088505
224558935
243469188
291225072
589937811
543919916
342384553
988535706
134447442
876466159
29536553
414273492
383033086
483251226
170589302
361440605
448970500
13904409
316475944
605017228
141316649
458923106
249701314
986490569
922704397
860037695
794798399
467409814
320392789
946893007
261620829
691791919
425369372
431765932
555193944
926305499
169964105
38765693
682134856
857511394
661349948
469940047
111191972
617039910
966467828
417937057
204242802
578436559
393328626
423348565
724128500
923509401
494308638
844588145
246992138
711362944
728969017
459132930
159327051
199904994
967093648
247185341
803730789
467464117
787054437
722286883
252398916
961257603
830276194
768143338
133682173
459800769
309488448
316896804
914569559
77950252
136614560
361306787
50749178
366125461
35563309
731778989
455936935
259354082
435851849
788907186
813453581
617138746
904902883
683170015
355568251
361743968
370023422
115650982
869916792
770353470
405486031
597126812
857341461
305650322
415797864
47595449
961788413
479723019
633156842
204292201
20437471
637803004
465258016
713468165
341028856
221190081
879027916
969682627
103389602
22823997
186528029
736086860
103452157
184312107
811183016
330153950
410596364
199824552
355653203
691535380
892935220
990119528
567085210
962201821
980203859
189063705
601138073
303752423
480200067
145363296
323096888
552752738
742264157
783823880
252549778
972189016
970074702
393307778
157517863
795602018
26075642
612660054
234592495
480191085
641139679
371225252
273547600
586155071
545611847
307178737
198059231
981763485
671665775
234748386
898578389
637128166
241944951
560503020
329067531
614371522
255749661
159236868
426224912
987864847
611570001
111579709
527984907
335436264
863553537
878314424
617497174
129924319
399536446
940485400
899450537
830180224
649554840
669732483
927522612
721598111
786292896
209886860
744899441
588478999
262712817
448716782
274223842
114011213
447151614
737812775
498995333
498375903
562457451
878953157
815358136
161463854
113278851
36892687
301378364
553915075
994407694
661368614
550325040
38670398
513117295
205219454
145134134
524950034
629724769
410864313
813148307
37551263
823146910
203991425
793390032
686583293
122007087
781156154
973038345
566234542
6890397
307090836
905445439
955893736
85632843
747879743
908941481
822923090
671069594
757754314
63841699
33607838
649456689
210115660
74482435
867283879
317818906
917491998
643778393
398370845
189766582
320491497
219705839
62015266
121862138
442411415
716281982
251274517
496407170
204016697
86023632
107249065
611559074
272102452
426533257
758297252
875976020
975806534
640773999
140442929
882727733
466239509
538759529
188313231
945998634
217851630
667798562
624420183
224148965
174057246
89098205
794326538
123988939
324989072
780443803
996212460
283659221
271856229
337837747
535586698
65301167
380231404
173393080
299362040
153738171
453694308
462442267
988241771
553679549
469609729
679735439
272339912
5496931
810420612
682766151
42185355
598411904
596687467
949677520
615735673
149973735
182207907
759864735
231753639
741993648
606900458
817304755
410875759
655642728
819739719
59807614
797928731
832208132
781880157
171798143
912526154
901042513
139208589
623900530
829704783
762529864
13915997
899512841
188335713
691430519
606281564
936722103
82272747
934756688
720713052
713324823
327676608
818369538
34189194
333382048
319680388
447777205
910601487
935651855
192537877
191152702
831094353
237406467
279623526
266379714
58353820
551555014
933128530
918972874
981897110
670657180
608025026
874008865
701766360
98327105
740846256
972743162
799631859
726690701
361057391
163376489
919161177
207973974
561268283
305474446
731612938
948963583
922265773
568832336
97964494
868995377
739820268
560116297
755485171
805290208
432447005
694401683
654518192
723871169
822779878
743767457
150335257
699959173
79941537
941395533
615280463
968659517
986270799
497162399
678020629
214914604
848993916
889499753
219571712
671113015
815904036
838339725
459871685
521408852
573838641
435249553
954022345
573719254
409722221
509399259
83923960
153532401
396167198
941795552
678878192
698071861
27103467
305253494
727836200
585027634
973632717
903867337
756320457
316978333
756280916
13280098
332650778
300792373
37048510
881841376
340955656
110711110
923134379
842781429
112552682
304479830
143936738
708818792
242632548
573807746
213909910
473157561
935783213
253600800
726083262
224620044
21741893
988826756
734524276
99698809
361864764
663534606
778755373
40602010
227155182
533465362
479109711
105904188
370292927
871855104
789238092
89204333
936959086
337445077
930455984
241232017
65851931
704377689
752345690
962130881
12141299
555571815
765005516
433188916
895710222
34333879
370564600
291072737
723384469
773376497
885057979
612663317
163451722
676079490
786483826
674878915
661124177
311742476
250840678
181410045
875199558
304742859
445169328
907081227
89027369
246925975
235100848
591831
202988382
343219245
934138252
507679191
151047489
212375888
472876227
29284343
100541197
7917492
898589903
813091577
592212441
298759232
429100074
991850733
856607637
954665640
379548942
128180740
903301754
618598243
156696914
703092246
621019112
216181380
172577663
694255752
49569174
351925666
967825189
930080756
188617801
372513533
54713170
476961067
193666869
339364312
990923299
919579727
576215261
145861334
977286201
27956488
72927609
539037178
836214888
969959941
177737065
861176971
572277186
924294978
941161058
913714423
842330141
676515937
532709918
463958458
569866457
539404384
235120440
564603383
626698701
729089657
993247040
36638456
974834378
149579557
375795978
178187893
912371130
390907443
824688498
4975563
99467910
629890900
364691168
102523177
853924670
37536727
525052600
475854471
800629668
243415552
85238118
619392532
335109747
384868527
398454390
397900756
518646010
277697879
469508591
228732270
960893475
285032063
667647916
486317228
965670008
532344868
940376381
11730544
716556387
219147832
660848153
103347372
561175956
911663266
789287704
389007292
516498647
865825260
857988851
535772734
962241300
626244380
399795961
840280513
115411873
374311217
831572991
360850107
286272609
757402885
477016538
401925909
104473142
221195669
367271400
842094993
873831455
188375954
693158549
8835791
965216993
779580830
299426465
546317458
689216764
156188750
409289432
996983361
403742082
979619651
846616619
623316608
706459747
928092823
383488582
333099102
437908479
689330525
482438361
439640259
878387614
356483414
625546632
387865052
960181877
694593923
626661620
507815454
536412424
316202051
808366034
319033339
748781153
407237455
691914960
902456688
318701391
278130669
896219976
380875555
149785365
680115519
271056891
604657734
974384553
522983415
900025121
726368615
902856361
358089923
500389382
466073362
641456495
749202478
919784919
518523894
833233503
443817556
883869910
734097286
446028065
78864320
884359543
417265644
382656546
7251459
113478367
329542665
520584527
715502120
648718743
758264906
201873034
217761604
670894903
318231043
788906182
757751268
358833814
990135315
277386273
127781294
245645164
267896506
115307933
922723644
244365079
186396955
315100547
86886111
254868940
431810834
665853937
183017285
249300886
698614487
353519273
915210846
999868728
950536162
579203584
571267516
160704701
267115935
829152830
215111243
244594238
513211374
294745080
656145777
145726101
155698108
566791964
449976642
251219190
169778382
135672845
443712573
857032479
126725404
417303283
669099688
557966724
235554578
994665119
708030542
516817209
323027508
515602986
7509419
34339484
479557849
219817768
4944148
639540685
373003124
381464830
339674029
998910847
37990052
48490736
872932085
303560749
285335046
335819214
715979490
434833353
744285739
186723489
974938595
131808365
949723716
955198828
460890247
588220674
817131825
381875317
185090189
391664837
310044820
536987882
61698349
484559483
97864744
86147114
874203788
874197254
526337590
798130462
226767307
148307167
278651410
558640784
897992671
462907823
692029869
279954961
742176571
560831992
812860021
3612476
41876272
552153708
922806238
181770188
5673345
641851732
449027079
592575818
926300469
725393567
883525470
595889858
366837815
789527079
579826817
467911568
626474209
353416946
69593584
366741544
652367744
764366099
847449360
75639999
510428928
22712778
409198668
46716298
505389292
952095998
696793877
425011846
49306966
954133521
2813745
671415241
417699680
290658338
817882778
122574636
603785312
822010595
66374128
326949495
583848376
396484194
668903522
278370072
440540730
633878147
394535030
731949379
955962903
675205167
521283969
631919397
482662682
580960546
910416281
306939570
128225406
451956820
718207730
495652190
547920380
19580676
118240026
453735979
929906617
406430547
87975796
363435577
78789880
993644591
525267579
17521163
855862809
847830344
703620450
281859593
618147809
958359315
349442133
154253833
713402801
614890507
430178004
331935309
534537842
615339564
79143051
76069417
114430480
636110600
951026387
818861590
750916177
19260146
701458315
397327427
691769692
435364121
214693937
17517240
480782177
366209788
665381257
53962073
168577417
118036798
493545769
571334173
225600673
123902937
896337940
18792334
659751500
622850957
495753544
892208395
537421877
413905878
428451236
285447891
834239496
274532170
221955564
159104849
300605424
806033025
470948065
843566730
817154355
922474528
508012644
763012183
536554513
935070002
975115896
617921312
960603694
200560515
445266840
295904024
985366699
599979661
18214856
594129027
862138606
693292150
119708465
431362780
968307385
255747153
570751622
603603397
259728383
43389181
361458423
294522352
285012292
58020497
463521342
490402198
682167318
286011005
445971419
168985810
149325207
870702797
620824023
632628949
983819953
944758272
938366807
638374573
417677195
896652320
876261293
41043770
142610911
674610487
122293070
510165055
613913728
841646781
937520100
507539916
950165659
486956074
704732232
119469331
504475540
771768042
316549466
526142502
473008289
841870698
738150463
860415653
227840003
74363419
291536531
959185106
413722774
142800731
951401135
42785544
232128790
182739979
217088114
671321163
750983892
418807326
930786594
421563367
524788502
974747915
749024237
604025963
287363898
229528201
842684791
997054779
988250117
5409363
800189570
13245549
983821405
78012653
639147204
933230260
765473780
983748930
293689249
842848923
209778628
866586473
937874153
691950000
969285090
153982072
29955310
456539725
287693280
180902928
17973785
730726463
219409170
491217542
234049778
200883634
961031357
437335929
622911073
361680570
761108655
871830574
599611095
522107644
664546895
178871876
512052892
619348322
169331972
628662302
895849528
609327744
725775435
54656111
952215635
234993417
892278207
151202342
453998474
786860862
876646696
268350566
590621537
65082758
138284605
440910579
99627297
128277732
704123486
530458600
400669817
571580550
859943119
781834180
347222460
14852577
918772626
799773452
641929127
201717770
839352245
936676352
923442770
611066111
570174089
349106291
25757399
764892746
128410320
528473054
935455451
479817960
588075048
940450628
527955354
154359425
348056587
518033852
250758671
810004827
278194566
144738716
539860046
11359530
600366308
937303118
904897523
979120614
651585568
91346537
299284496
179354793
997405966
288797941
603479007
423534863
716460115
182503797
792709793
46015454
60755243
271278927
634892805
39105447
111384330
557764630
570135951
120621430
495601519
741810245
760143703
584782257
708749200
343695834
163997593
444532425
93313443
74364932
896202224
811857623
67423493
973938501
53550988
682382890
766399861
325131969
659279441
291520145
863495099
114799588
366138302
991658589
969760003
864681270
84432466
163367882
678006973
981529250
756735799
18310601
12131808
387142700
87906660
277537259
770593877
80440803
157191742
616063209
11643762
456555723
488621104
453104059
717926431
662028938
336560725
137071958
499377471
545502
655203037
825412518
45868364
420242853
463940155
391587920
924846405
411481994
94978212
504988932
234253504
223070468
115215758
624284671
567297547
165278330
551322864
20695988
723188596
909589725
415121762
104904141
606741995
117984260
425783861
269784138
799788309
438643674
256022392
180877371
358620808
890331684
591373081
947496007
494248451
924295143
784820763
889576877
926012527
387770
913442312
678880534
864164118
343217592
599401521
477856407
773288049
654472426
44545178
325472583
295998404
949178083
346013411
426534639
975119966
356496030
309691953
189494755
702608452
679768986
658997877
827478996
144751908
745873966
748403699
88237151
745734749
90544345
634270415
210945707
295434365
324173956
629972035
521271902
462360196
601717291
277960316
170832547
138933405
980652573
8330676
403158283
923844893
92574691
621615578
385500520
575018270
476837339
132945132
84294702
806743185
128765518
445378818
881820305
375834295
300310099
782126527
632574081
4209007
357618805
800540759
640100476
319067385
547848722
835176234
598498640
656895906
856647712
772877322
887553044
273806027
748082717
649767120
736410410
232257855
470395890
178176840
677952888
993007589
783819311
60967966
404493629
531157409
420782402
131363147
605147367
616474665
324196199
68317122
616205592
750686917
726101311
680621372
748072180
138248021
426817209
527351907
965791714
982109704
213832492
947932377
194929912
342322268
220027151
411999568
900541433
772826781
162419536
467421993
744187367
960590519
825481992
464236481
62441127
631276096
857171299
662931668
630048018
56924387
931170787
297421650
671880195
603669717
595443283
656216405
370055785
891295327
675045419
269710738
176066583
301475989
926254870
847176380
82486485
767843902
749414645
693956887
634808140
8552478
159499055
957528568
871183038
620802953
886258422
200504678
566315813
746835909
429900531
479324633
125490809
342181047
133618887
319283385
225685152
429495605
850878733
719721019
832949275
105112419
583224380
597605685
538712286
480456624
543471733
883408004
252396372
186779751
459502490
820078409
163700599
549198595
575477558
884103523
545141576
44815698
730138626
147031170
403914360
199736761
95969065
826518230
211864156
651090086
648336072
237869279
943335568
702691549
200338359
350198010
432892741
336788231
886934200
675757544
628380428
309352464
311027603
276650197
659522528
652687215
174540589
260040410
768231239
636643128
109101869
251159678
54026254
998536055
593833794
982805537
676440565
41893368
301820539
320701256
626015358
25446309
952192573
755996587
426463479
116324596
761363586
639354402
162807436
65198856
884808101
205481508
43774265
676154942
819868857
742626715
301456354
90373879
600435447
98482672
607223893
880230154
755936565
82092349
340101043
959209413
429940225
220775184
982294467
353086790
757757499
761751605
636289661
949095399
587797223
770059303
158906855
442353602
898020713
667517945
689934844
832609261
806696522
581913674
416437829
989397625
905757612
431238722
258556714
999999005
755414286
754735098
788602953
242121191
770278097
920655898
102469687
382020658
400103508
490071625
550861324
788816027
462355233
196712866
207569346
177035622
719161641
214754861
702998673
641980730
307814825
129613714
583375683
636274760
431831149
301237710
669544927
851007849
798685968
115041352
983989058
411175176
650689133
952544237
690682313
272646918
877068807
581940288
149614713
216695957
618182421
68237279
626300725
378149563
976876055
233270838
416312739
814519234
937364249
157810564
145856062
226002994
358604040
211140708
791629081
570042662
956988966
617911359
526688174
979158148
522289848
627720252
843764400
87069764
221120834
939799884
533454509
595658616
733810983
153347605
1936549
674104141
143413177
663451847
101335661
571576934
949683203
603230162
115593337
646154161
316214335
144710280
795669254
865163922
675513385
714148334
370131533
715953779
114656384
451892965
270668207
381117940
543263343
552568177
906778465
978506572
505883109
958261559
199879773
643879872
642480988
245568729
744292555
242858375
223573369
446758964
401041566
538860292
890654945
975990817
850138870
715005458
717916093
793420920
127990675
250504951
977848984
433213011
458796022
285843960
541193175
545868103
752282502
776104995
670772489
160961489
984850690
928067347
79126646
963285177
307175037
644257974
511443234
493559802
128536102
955917629
788146068
334292798
616635345
716885941
195598715
22024726
21370269
151696969
348732733
639119011
982024077
203717154
166012111
781414696
509551040
12945747
394996743
872476122
649114684
268137086
205869536
600836786
922763363
624193419
730643209
593549538
528103093
853315582
67364331
307518771
926055587
907188352
191483877
519504514
889264535
607515983
420665053
726352308
302440844
253512836
564650504
228917252
6913557
37492718
658413194
666313553
763879709
793489837
224665937
291536687
974323457
268883475
340906899
335167463
138300524
805287147
396529530
390782924
162261548
42502300
317127041
873862076
530313584
18125904
205973019
255388877
43796267
825439752
806761776
952019044
303275286
813499093
927042777
466591112
358032524
165876496
978385896
615926399
980358804
578306701
87165296
457276340
835431651
670516513
808951279
830440196
412287266
713813563
339851632
269489646
957372008
233546195
259744475
406201093
809385843
54336244
265197339
886710907
472606378
396025501
53967968
253572007
485608717
699565151
508334094
207305409
643272948
964617630
591101255
154703303
412197791
514428145
915989046
975555091
443115399
268563195
783197714
495131619
928628595
800401917
581308628
236676571
180569007
683805308
848274047
646318728
208500347
892177421
957102464
132232247
269368493
303171858
345948119
940536469
328025837
683585475
447664244
102340763
119334275
881521053
990481590
429504143
34777967
336688846
139325176
811092977
369993046
434756722
26383575
868184784
564348589
677947252
579896944
361579769
939689168
121619362
201731567
615146011
102576399
35361168
767159749
616937918
612843034
287159475
624366088
390892414
740999875
520501063
756552316
693820290
138012560
796799083
36114750
85575247
23191410
9327951
548219491
944696597
59414342
39888062
290202743
57485790
429629388
325711915
163574379
995391014
754560234
231661210
67005369
613738598
398763708
381554405
71530458
654262752
400666274
892502567
113299207
614551178
731931684
277421025
374560754
759436062
842489497
633423013
540167989
392525819
479780190
617590603
414739673
280485713
584249407
626657536
964719591
428340301
657850388
543427181
709924053
240984393
378290128
390288399
530770264
474253432
388981393
238980878
380229690
278318066
133139516
765800417
93652416
66831952
320188896
912724187
474959463
907175762
113621503
217474576
104302201
620304590
411675268
509329520
860139330
803119743
655677901
832526340
977783061
541950144
445627180
655394772
576818622
672642763
868556007
650894799
981401643
60925204
852457090
593022675
830290611
526118087
47017980
203589017
927572206
711938335
702144857
105160592
20389796
420049151
766228733
388497615
206585883
665176384
958335682
686606573
473022098
985024428
881977998
62568110
944440753
343889868
342850612
464588490
783084206
305784445
908893345
979262111
320889603
21042983
408265949
622821841
928928348
969806648
499300048
950192588
332860783
336434906
666217743
332953106
568528683
350814706
995384239
359849589
538409165
925698613
869087556
447294297
177505675
443618293
277315440
412320542
566352953
602583297
792725982
456755652
939164538
816689712
379984980
738911436
426752936
785926707
117869868
467881837
546704160
498883638
601016172
245575174
907390031
112723864
257909642
202898947
327752672
866706163
72702944
329053189
591398000
428697941
230663192
276677538
351385906
848539274
20532700
840636918
281206719
597780038
921811942
254518763
427784998
12227372
180950203
426454891
863953178
821903854
337656275
244669202
160689491
352431658
101018037
123192112
903515692
412521469
694845617
29471308
462801988
844159028
292630729
338147777
494328109
205246739
444740059
989054939
194300797
78871262
463937943
592537612
162129938
59032165
580059692
321477044
834616656
549581313
300633754
656947066
846808764
131285868
821477515
313215101
347629961
401342553
519767565
957841760
252491302
870334673
531812672
663920824
650444595
713537225
168733485
384041115
100039094
916639745
455479975
119340505
345894643
630370659
392094113
872061717
67105351
354170674
630851883
916308025
628940370
905977119
138894963
399236706
450908998
3344862
73189599
793716832
527109510
680543926
533126000
263516890
838882358
696937690
75798975
573377231
885140220
553859604
879986244
778860778
322348495
730370523
227068066
564665234
753982027
272692935
530608042
765118665
38384693
927782109
491041890
296869010
94310821
598408560
77896796
461318151
75028169
15290056
949191505
333139414
954714410
171225741
606143008
741256394
24980350
242848486
51032814
169950879
534704531
437526498
967062164
760305818
722965858
446108134
471251846
475978629
792711941
956619233
304919426
412339658
951902716
989685062
920992678
174298743
509220625
653364181
303394860
225683065
153039591
283244471
510964146
121817218
965197378
833066915
876845658
576996699
425216760
811805478
514021636
389834288
645973058
25046328
278621584
351998308
348406764
871673629
624880364
399650256
630731802
971282858
849090011
431929258
416691227
453406834
64615997
417118949
577764276
326553880
876026539
634671794
115829648
963221314
127609397
160055416
465641547
886461869
290027539
989423462
930577232
724243935
18591236
522403756
500465377
409762121
167601144
473834857
816906962
449016640
77443160
669071300
849351540
351395925
264592551
592517080
924293134
124659862
739411397
5335824
110302390
72635472
52599996
425825091
603211917
2100771
828389213
774731630
678624671
344746981
981037834
27823057
983015567
630772659
30924650
289320814
420049045
212578108
937502853
302338196
655336337
130191896
648609384
46256160
310707651
534475833
129099866
736009208
248176660
139818424
976505228
234541715
954125599
764941229
857383257
617235599
925841181
138606322
905264714
385897437
135383025
796427336
909570351
619934173
99867748
75650512
594601395
173633960
822603834
926686248
538683046
881008760
886113064
503335862
315766808
613444040
275927290
268071878
255273998
950439773
93149167
654395075
810689855
170016625
174118660
165204468
903393336
242899448
777127447
154281483
765435159
523379981
918975550
437403141
743452583
869799360
648266155
310262927
245636360
998880068
527685597
512292838
514641599
980676292
864117607
168643223
191560968
914700400
773292229
766991872
699555193
992822620
994771393
781517353
320462557
350829702
483424634
643286082
463685195
338067761
195150164
374466324
33877069
93383482
157448000
353196337
992434786
605616556
869553445
356598564
177519037
758186010
312190463
241345039
198310894
209851231
363606769
364343543
751434166
347518617
216403093
120528553
20950986
962002759
468771527
780404164
918064695
743940914
924108788
146901151
792640862
174598335
774572087
419273963
905883313
895090858
766996812
51177168
391979059
177590785
153696701
320725818
656252387
693370244
716018910
792257436
158344828
375076509
915127874
842677726
311164560
804421538
272343260
949686299
789825280
221507977
410459092
494842470
889520722
948302592
797822705
421345437
697258473
746307034
128553513
204567242
749602086
387265257
445133334
242790769
537048373
505785493
563701498
956269387
685392155
624044342
97739710
594638633
895408056
91278969
392432677
995874610
754405223
564563005
979843008
314407592
346687381
572400417
744139205
41663843
184677312
648960935
846468423
479221987
358441380
504319535
600666243
192935196
958576070
704851595
913847799
875783656
765895634
377974322
610026002
477886822
921085683
526714532
940254084
424017790
788464888
642120896
849391506
232127551
510223158
435329388
117443566
870799650
810981067
676128047
322526544
749221009
457242317
321157634
682862387
320167737
402287127
342422761
226807651
894669635
54281427
925578156
412773443
416430337
293852768
997492610
274994923
624745088
837111098
363883302
406459777
246571221
291068411
90351728
606907343
601571014
780638445
143941270
821661151
278360941
339873691
727376400
76159407
345864339
354823905
184431368
471399622
900579961
221376629
832416469
947114794
618741741
38666877
586558151
442350494
381759879
597119782
781088831
287213646
973997221
139916404
163150993
144915038
313848868
377649561
638159474
589829814
672257056
18163246
979054899
455151073
857207750
637045183
376919927
412813835
398418549
58969644
406719437
858717680
353342974
546063135
709464825
67878407
473778650
996692796
450891285
756990318
121782456
46553801
406776378
645982352
504258718
433658435
346317236
345502791
507500939
239806186
237522373
913869318
656131944
653340856
682363800
724871744
495300764
711477118
904473730
866917574
659178
75205471
558459310
154360745
457554538
265761310
607448002
973457047
619039886
948870206
524265244
608239448
851715912
791458175
111684924
395709923
409084254
135242044
308482670
45094566
934004516
232592052
450560383
722511043
785012701
72284835
590200282
50248812
805671637
886241856
641545028
998964221
711789124
273074837
316690131
761443812
358252609
500236331
44313697
88191093
765394081
953799925
321557391
237943596
934212323
893371464
239912117
650328191
160444132
639359052
247150385
683214695
769389984
70806025
559886823
273929083
936563642
844218006
25137075
181339143
533649514
57291497
644284717
544927326
744915290
176177745
419154319
857316547
536141731
920892943
657428681
88316844
926295461
460711554
383436231
621411824
411584570
709856617
40375064
867705856
822200973
733527396
241327560
907704302
353967703
275280971
928959819
277900449
510273036
199011548
937588870
66994920
214087650
202247036
616339026
815674249
405525066
502209802
868399202
324227484
27319670
322064499
688930383
363880550
418760396
912002583
42962978
460580485
788032869
528289916
714661945
374062602
613586116
263130119
580626957
630385333
537054517
869172993
612434042
482719151
553429526
754724006
797413802
973027707
78589875
139187332
81700975
346380521
779962958
953001277
385878428
929988076
893003984
442302028
721078508
730652477
114343979
595777449
442193178
427177373
61871406
449650116
714883536
138383189
722676359
46454505
344368566
332724703
271700347
324250330
216512067
512110241
137098785
495140450
735515206
850372569
212737319
535438275
807561982
795943637
673907131
254556219
116053638
758636689
939258602
35663313
661606490
392041017
940116604
748386565
798778197
655885777
7754801
522307463
291524780
796831416
369870348
39731097
230681094
621498298
459414722
757182562
9296092
952143952
982100092
997311471
935442897
953252026
963314801
166361793
477163464
96397289
800845899
447091418
580496007
891102766
686720315
193001935
979073149
151006689
629640549
906965451
922566848
487508477
708904751
125812788
291296385
927164347
121365244
752172734
635603557
34455079
44893380
375829578
281139437
688149628
334982803
909092221
274995042
707340148
595537491
424144858
612648282
852325343
220554413
425075579
881987827
335870780
590325416
913256372
188214173
871976253
723946428
511973741
982206899
462131874
339336532
604686584
204986352
573146198
452633295
911013692
982186862
95981099
360744789
175530633
954998079
491629927
94003009
676681549
217819457
827926655
200277473
76588666
747912445
990275931
27571151
727268284
158623988
209644379
509036218
924738974
585293770
192756721
822509902
759734226
521746696
562290069
196085662
152207971
465311551
18962539
561898358
376548688
299595336
622763616
722216712
885393510
446782336
857174762
185100057
522161019
955015339
688080997
851290246
275897655
851456559
658175513
289674456
576759134
287913641
168010422
425567627
756425169
233456168
486449479
84228163
704971968
727236652
706128796
981434307
944203883
994769259
813634247
433612436
307171937
52208300
279455106
271922871
164583473
775708200
89375467
187873083
671033958
796734739
936816351
12441355
817468481
999237479
374742963
236359152
171006777
840881684
86103037
416113681
59242360
198077166
73364286
978396467
613353344
943330855
490569686
335137983
522838086
3488729
45431659
151932282
574416267
218721651
384337331
74569324
48612381
924649193
639738770
211557630
829764547
813784190
367253705
194932902
648679246
297519811
428903568
697313128
221877937
286170378
989267670
870074205
177359111
32115744
682933379
285684753
564025148
439888659
184474145
616652058
430400168
37082836
866288586
464195991
427992140
621249368
964985474
461681196
645627767
450487681
693600945
21002201
913316909
729226223
34785902
864530153
627678387
55727483
529203149
790893762
745686571
444140848
233725193
959781225
969474191
511465627
165625552
349114201
302153518
428576178
971807507
937358310
93094752
274499478
266216346
594399503
410826718
504425156
63932088
626329127
82701885
344466581
7041772
412644769
22694095
59980939
625241830
598788053
532173847
209295341
703222123
862604653
103232824
190974743
937235929
360225672
880105551
620306777
454860134
575033770
341463224
329467886
444803103
442791501
954830422
75873301
97717930
306673172
524102899
364503968
294331239
467855942
702120690
142540836
993798708
840489411
672477199
508427562
73050243
494277834
318222150
992520670
446989493
673572133
289842159
412775667
659763681
218783849
260879489
786457058
778921165
184096774
316776484
287648163
347126267
844865952
861008780
780377154
350201941
218758387
642298486
28463520
645622586
686603070
507673043
285729073
62180850
292082808
268364412
604006070
429404068
823813514
629017357
861414769
124397025
839021722
475404389
209670908
334139911
374944058
941819684
366723688
122871366
212237419
586552202
939812914
567038455
204102097
692313689
754073676
674396767
365484023
178225078
983105950
539195332
128637295
860939704
730465065
201983091
414490886
834710099
594818644
980424346
943678576
553680251
666554535
616613203
516754839
794412781
349912828
446727658
830033067
52636226
382254914
940466249
761647439
85424937
430871054
380561297
961853024
248500121
687766899
156764523
12243144
998067324
954159298
134052406
380477119
427582369
808949325
821400072
890275256
992063826
589231319
615324282
450852415
636047318
75934018
221497353
345625325
386003058
973980527
468085710
466942823
94014702
503891471
116068182
501752543
426744060
680546085
944640629
222531059
382183310
144853774
343915269
718469453
586421848
735379102
882474450
613819493
373632782
339500779
833940357
63469928
184709451
947475481
444573333
590236905
133459818
247815954
803013673
634015877
683992519
548681390
533632619
19856897
258905228
287518233
176560405
420189084
255112702
899977709
40310549
285834336
382627836
359175739
517020893
651113907
461336333
267649986
335683928
680266231
811781737
986908094
995340428
815557705
158204188
923249547
668061328
911883062
525552910
753583370
190645359
798314853
956919007
71252625
374310760
293977039
3811595
659415680
753261177
823780572
848926902
358323367
65857583
428973355
609536665
282870244
216229324
148121279
839348651
968087157
199509188
456050707
497668251
872781501
490478779
691446946
686917637
555320348
693262424
178217496
273044640
750591096
828808581
51392557
98080157
523462863
497250415
635249839
870080244
651611587
293837720
589514252
972914580
399359789
279984579
938897518
376840207
884222422
15078531
531906677
550525826
309138035
640048444
436764317
776168442
435904157
770289955
275447921
551570898
809124857
503399233
521269058
826525026
405017363
676266596
341078083
665572219
575713724
616433824
650093201
555189359
387232453
24220379
665517619
980674748
708084503
294974912
394521720
86485387
695516533
544910601
172832148
203503196
647683785
839333943
582083140
777684830
542583820
638678597
817249532
766775571
968371644
275606882
849895354
885245130
564715392
355543779
538635610
172329328
541141260
333359259
175122939
234037957
315855139
160516705
822035061
167216450
827317534
819856507
198952909
612224672
610887609
769285736
802683287
600523439
304140865
800996019
410494395
864435206
847004362
589433588
107895766
58572875
276642508
249097081
507009298
905906184
682064903
552339761
877241178
626162444
579717728
67705056
496879343
130234882
698858452
370925367
652404390
371497782
924302859
653565836
361716625
933405198
934172951
508396428
78145671
402475545
891562596
405927030
344023047
326741747
401577378
393142016
605762340
591972694
828993992
843322143
176805689
861448440
986823665
664943379
640459107
319798447
152352967
237993708
821553725
337387948
344774615
487650370
824033339
828965156
807309958
928112060
530983600
18757805
676763725
213481431
394281524
43934035
894740775
717945610
302958390
329320131
517293661
934103302
812533241
948492576
713558985
26139074
41987821
249840544
908979168
703646828
100718665
870919216
724996048
692255909
994714978
890392926
594640941
468815084
579376230
274092135
192235480
601741078
275796303
960186021
105456549
991239886
948006245
898197953
499307151
539460570
550580619
107568524
874074865
297243212
899177221
353696955
403148231
931973674
190993994
352868321
751600055
440159700
707790539
512200691
722736845
388694653
471036205
86722677
557351301
610376233
486910454
292918641
219204722
202099580
618295481
356555314
540305014
878245316
51565020
692329882
670835044
217135038
787887316
413856736
881125032
105028002
581924468
154736023
396851939
729984518
275224033
744923988
613687699
807022997
527263459
631351885
733907508
326349222
534021166
57716165
595007761
8038042
442113104
925589990
219173168
819399081
815946752
947481945
402471263
365359755
696009225
172195033
483940918
697550502
498320085
213815181
287282109
104378349
248243066
547884896
111641331
742227077
416265993
51795176
563027932
547023256
929020745
561154011
964184167
725759338
765730942
589867566
58272056
269166242
918437471
518895890
730528186
349579993
393767134
497122149
512077543
172147783
364673240
17500406
701385902
832870929
542491093
632623983
41369535
3583562
332815697
556082707
23970214
811817768
363122538
959454013
59042321
112606639
525716847
619499544
940688358
459629135
766510419
196115242
271717278
474702152
468289642
828809585
765690390
987475770
426551686
927961177
636057797
271290586
96650780
6833660
603177372
936506679
2909652
151302080
402547895
559215535
943516009
256471554
61376503
921098050
899437693
472846120
625640054
815292841
361253954
399431213
466088690
733491359
124714947
437130920
769179313
391076811
474005050
373026872
327715399
969976856
71099961
704602339
286009209
163000002
800271606
432702384
65670511
588778766
278708739
52996213
300666317
913042881
737385337
257935690
244083847
59798363
500723215
424679753
774069192
225089377
349258502
309181109
822702320
16371208
636436790
492608658
779108464
932124872
148825047
33505183
176895289
569194761
348442639
467556106
766043725
399432601
816578005
766572994
890669892
692582749
430371572
119270042
946614156
178944901
46609218
428640521
576603132
343202371
241585342
234214864
175768505
819905437
961557788
362209776
226596584
221450653
775231768
982553969
959921043
870998863
787873482
909002606
847360149
335626241
176068057
917029134
470639697
359103795
732801405
573909873
384530965
779052916
774458206
576393184
692672544
279825758
254493920
873571628
189334081
380310867
952951170
916052082
85218776
884966081
166656469
217245225
531690524
136732280
411845811
38572841
385350825
802083088
269133199
417617065
913679682
591317217
650148826
946713320
432493400
271301784
445838865
679214443
187261774
563226250
728332063
291630278
142865871
34528482
421443026
162073919
730166796
892005945
629295423
338921832
12794627
662226235
618213220
468322042
183856470
105703515
783941489
625160827
779800790
352907775
804422700
649325185
507464823
173026917
577768321
27574909
120370540
490501741
475729727
581064193
351624305
749706562
904886500
219530050
513313478
494749037
160934048
805390601
6083350
579214970
85866807
734473440
647615858
749784802
93517174
184820412
425021569
958000565
715824555
110992112
3694487
646063121
940372595
968521569
83969138
425391892
259147270
841643507
486957966
20779796
529132144
117151755
672236273
88328515
457271368
98214406
242581104
531950340
765494907
984202382
874759277
241074721
865914703
456064097
30399141
751298694
181964616
701505161
747269393
190072571
88170605
90208538
788827723
11113368
809402250
866557700
438690572
444090170
519870353
165801203
266715051
290227160
312799629
379323984
264672516
679821716
673619613
395667405
852032476
674276448
582680517
526166332
386165246
143095421
397915700
987548013
976309524
175396846
223535426
658564893
596941475
395845608
557751537
453708709
723720064
946510846
630696341
64281088
973972869
569005182
993112699
5571555
523725435
175364065
597057598
878620959
394566602
531474759
821773752
506024468
56180917
193466491
641049418
133455111
174168527
635324809
402800181
202065390
747812038
585094427
497269723
291650990
328738878
947386826
527162207
710437037
488966489
331509994
461181328
864574275
215607221
127389944
651866555
978908718
449548404
275554046
529280014
960315138
556712480
362799300
244012516
195861260
123040897
441768805
526140235
860295977
98134590
20512163
551178790
870831587
977523205
997206733
659744398
971916713
409823726
925568365
364546859
558672813
342588799
888081560
196502177
754893985
579433787
427031035
591167644
949986487
411070623
437417743
197365829
468950338
804165916
661194060
701777401
300482913
484479529
438854923
506448300
840509822
134528689
672272396
370569123
421926080
841062644
531763348
433549690
996056228
873920839
300731587
873325853
707319208
855387346
892826466
821998743
259810095
387943277
999412738
60322046
912987310
248357552
529247157
443215655
663380839
327346139
987609011
970399222
670212976
596568205
708733782
909402226
265050291
518517379
403250127
402622183
949081622
479904618
311422198
545765691
626343697
25419226
363351052
11922060
947192450
896292481
138890030
913682480
43544728
136878520
92881028
745132401
125891487
822505132
465419637
926208288
381810462
283137312
532209301
683824622
366682564
49934154
366665611
747340418
609542774
135570116
83283730
610349038
470473227
674229606
610883564
916438983
380672327
393473682
404698562
863487561
472310800
867716144
147876001
389212936
262511355
11835951
415807693
300124725
494266030
813491276
480811969
436677233
456831589
873990229
920039444
429342721
109119382
930111955
456076110
593487668
111823569
163060790
507569396
35347276
437507246
765775839
256304178
97059219
572593451
936106339
647507269
855630188
451183641
190903467
631760538
508874268
167853776
654867336
129754326
130774917
205053924
768027429
655214369
459387314
380464218
677023796
266687253
92311638
970636730
427895101
535470463
707931716
499478791
961869332
514825186
705027700
493610506
830690879
274711332
959035530
101355559
494308217
426635752
230139961
848100514
41284237
204806387
126551945
957985285
181081134
92636467
425735251
610363044
397410177
687744638
987011250
219195127
223126542
483948021
450885042
324522696
699687700
515347444
413599824
967383598
217983229
355455136
789840737
483019263
102383210
793416875
632173277
491943384
496140831
619732002
762715832
494420242
333824640
345476814
190709182
881127649
445244244
351887668
439061003
361255302
125372764
921262208
583606154
779016755
826058327
835488496
20738720
40529066
977855775
745113397
722235318
405241169
334099089
309713266
10503122
709568332
644373734
189431274
693150543
185116938
910837711
327897547
732692081
409859939
958378599
608349787
495363523
587850189
558383416
887623443
22437018
791535688
885936664
616782138
698090144
20466483
661551731
742511005
149797157
931160543
931079095
349996428
210374120
875121748
71224255
555867655
295224443
445480121
273147413
488877686
603994620
77450642
452905974
806351505
142765041
373784060
265039524
86032030
681063486
733608868
654386934
605805431
407404195
551541312
171263186
477889200
227718894
723665516
96413813
839417500
362960111
447963660
274702585
817960308
145321436
339001788
440278287
288364527
686933594
690153694
731004775
16406093
400558691
311372304
36227877
645094663
188719515
746493530
799491749
121072943
485864989
831285351
906606064
581405460
237586158
491930478
329504970
425152047
331562213
403358022
267627477
279473551
956829107
627815974
631087911
836618679
861128127
636302900
843694618
85992289
500505523
178953889
108913455
294607260
630998293
315202226
478162436
199573469
979155417
540514774
288362182
267878856
246308048
353726031
794456761
551569554
850915757
797471774
112657618
620537096
493980569
473950193
911453131
290472551
844434082
289215010
639965047
380149031
384567451
711431020
467022038
530045628
729987660
642000312
519359878
193426845
544247972
93192255
453646883
271344183
505214322
741888752
874571780
504626962
648393271
86281149
620021074
658782059
811861597
370833073
474411172
741822750
838101645
664549342
442530304
980399599
649959901
478567410
318783897
46206793
311111502
91315439
920526296
72489506
705826451
312956388
19200667
329579430
528497780
765564865
699298311
38736858
860306035
881460035
602687209
695179456
728558402
729343757
274648804
444029619
693654716
466370700
618001748
507013360
689296991
684002851
282979074
393095769
53472906
166477991
673065766
642839389
930907839
612947842
130791644
154123332
2094061
687818497
782514291
715962689
799669807
358552194
467515265
237519489
709835100
856165898
154272311
300997516
124654949
750888916
255559084
89965334
110515013
573918318
294063079
448753321
388658471
135937336
441501746
813922001
385647540
194038741
556754945
25400328
604756054
400921350
482322411
572744882
593714827
533704990
523452652
661071272
339894883
844435098
230579209
591562015
10927474
325340
833239782
343055446
576924697
489012673
932441817
914072747
999877857
552576200
348478103
938741164
356474934
683797738
342484353
325423185
472492848
469117968
782570321
183463204
390084241
94969697
209144586
101314512
263691864
147645269
169092549
918411065
85988972
431582285
634756118
493500395
982156937
406928201
801202606
613754683
678976285
504471098
64059443
111829979
154620752
14500177
520230435
462143582
405708654
465886227
905098251
612992371
730079079
412649235
482356925
577735824
916925709
327506114
36407323
356119069
260333611
865368826
782287353
85913095
367929859
104489261
704398088
935400638
323271814
498924161
562825681
138837918
878761733
183219475
564848262
749873705
5289756
958690646
489256035
142009440
305472007
760401431
872401641
20534623
509264204
654920615
717437464
726974230
513895395
451162592
71984564
914936101
204480376
820094317
734518510
255347669
597333604
413817499
296044883
689422974
684921410
850511816
701177408
889303044
729553081
588951160
521520200
9163304
652326077
654781801
174294694
513684019
594503982
900477443
390441214
856131253
690420532
981863561
338963874
44896776
584166529
516328756
948076550
685197845
246730930
951318625
128747072
911738398
205931261
516433445
802525421
738485776
388382652
258427791
863081221
743317401
390918904
565636860
459664257
678144834
148292667
776830482
280741673
549222852
644646730
439222830
837353597
947703764
528161231
531342113
98268948
927098215
231447170
498691079
212811451
522155206
474669106
263605939
472265329
82776335
834045252
465447576
107059470
956929704
395286618
63235767
994467120
698131653
379700838
90063566
860348112
895915194
30100825
787105483
98499169
931805916
974322154
564759765
902466987
448678000
746066922
239441828
7217851
87963679
135956731
776771832
971846827
97042026
570090237
335376791
599548342
738233945
769066095
750253523
787359083
41181797
527345096
720615535
825723274
331993981
570990223
874373640
926719640
145386064
101236663
569876355
549828008
580151705
812008456
765263064
915402736
893648146
881412227
536758985
948559638
147582854
680402586
859468236
779971294
15238944
716227863
77697137
845105529
439379187
633928825
86567053
569730238
690419420
936077156
622652049
607047603
516064045
449104623
218603862
600608574
496448129
463987731
315202691
487199014
422931227
909716728
743999231
425176835
504040827
879892302
294689520
536278943
468663974
325956623
363591418
782706049
184437602
754980196
743067407
466332114
238389678
325589691
456465191
33174401
37234423
822535725
169124521
93799300
376327141
608564400
113224543
829127949
99134967
801669552
652723053
241144810
423182102
606467479
584365561
29301560
743779152
940349461
21718180
225947425
243447857
238231778
241405645
107906383
432804590
594136742
184211554
316360867
827766568
203502625
398425255
563490010
328297227
407034126
88795505
781850390
505508182
505069198
591678571
81275728
926787224
910852193
35444071
418111166
852722646
141767180
164929156
452886980
124946781
609499699
309707539
675075360
830622074
163258635
258167168
507363322
377145609
864604762
362866187
766913549
939748799
528095798
547363918
557374134
855020755
148872657
10699866
392937316
424985848
456474687
332920404
114536362
769216646
483586853
373529526
948308707
816565883
219084907
824466043
877742540
263451998
126659259
530187097
353463251
342234887
553461985
719663477
248405137
541069482
827635986
108569531
881152510
995727009
149248294
424676275
876523996
134224642
216065138
285433920
610012515
296706546
893768920
513955286
991482371
475870149
139632398
918089402
383564385
27333603
819328841
277000166
521478584
184691771
18471154
780642238
403553358
480609390
943637373
449752231
255498953
723152214
532053071
127450531
836532212
5657705
444766533
478274938
551738504
338799216
205065490
56444498
62595911
885098566
862049043
912378127
346375830
448993850
708681924
394968898
445173118
829670523
264322800
776842532
466608025
879215782
943631886
80803461
750781200
625257579
576927662
17900413
501852227
615101076
221476199
261017978
597650868
717477265
508860911
372629004
737019868
978369543
110494292
581318005
562126591
768986095
771497761
258912669
901769997
386797202
762589299
388537602
821749270
474658231
530282873
533630152
739647773
108390528
787617740
818935334
463927247
169794309
280799548
216723311
651014417
669918648
991549620
994949475
839101932
16516041
590622368
528803264
913675146
829959577
544865329
803069369
587314224
803503258
398359996
839950549
235110911
276616942
397595799
975478459
217078257
644229302
811293998
377365291
640220348
460063407
7411642
448125511
365468376
108851513
593020247
789523654
948478451
220066908
697168200
217880552
118325703
574912358
782498909
914497133
344417787
118656120
208312206
171431347
19490793
832008204
135919346
350090355
795338840
638081267
266556576
608576831
647968180
225581382
332786420
673454304
320155540
654226698
226229479
432573942
891929442
874992159
137633972
407830627
363282397
845631266
109704054
230193730
298460879
751026669
958772169
84083738
777469185
948272951
608314820
714143277
127961980
647997256
495474737
994676639
169489921
16273815
861167303
250509620
992101214
335591198
415012323
487746905
612591793
98681661
78246840
443881814
204234916
425624307
250938464
898938972
979610875
992484637
324233034
2807544
221196091
738855511
964034063
468649082
400660281
982014900
29426000
358240446
805358895
207018807
857316915
842339067
599297725
724897804
44190670
757634303
785885341
595228650
786522411
1575071
111077915
694702676
303325438
807340646
548060379
579915238
857461631
723447968
638396744
840451505
416761335
685965664
629621519
967445657
51663218
916030970
45533130
373141836
752998049
501342913
52989482
88587470
471705079
427531349
747794820
839440023
831683013
513777978
272305833
653970892
147642418
176792247
498674547
892701177
91739782
198221386
864184093
605705479
595938064
702800637
828922667
421471993
351452036
368025906
341080425
750308112
572301589
480858135
641442382
945632787
526909283
832944745
716190219
208098215
709843353
603070505
715914276
440334920
425220791
314026465
698776798
964216338
983949696
670812248
127055818
997889775
678903677
588063408
648838568
56422846
195285610
996822632
830422545
987765903
137851685
84249324
670020667
184832282
912331095
464589316
919656945
624850030
285290656
405702926
469677539
778740243
564857467
642675695
309091282
106128685
494127259
498513313
864992809
805698799
629749801
1648455
845610776
725946383
190096807
440963634
64062181
857996578
100581945
331261465
103683251
629996821
238116789
75589244
100846379
301699874
682350044
705552307
367461515
118203055
118252205
956726557
52899611
523411268
402771161
593507447
553864719
656643260
707698896
336208910
920780381
559901493
581553008
962952820
80545100
8678157
735191266
159865585
298050642
645771273
349041122
475325461
932646049
145436096
224240508
297480370
210769430
464299105
155649823
118982964
432258076
845812706
491609751
478865844
755387614
136631396
963482936
878706677
464478682
146140515
517432107
658709523
413949634
234471088
61550899
289054933
163982549
49685633
753378181
782848401
175508588
351421088
695990163
969222831
316008240
156127038
685279106
178627831
842661004
18138652
956691376
487064397
975667562
121175240
716611357
42001157
152107547
996457281
611742481
149933698
59484043
106486137
189249675
744026365
588145753
237631850
831092927
570001134
913066591
630026783
607894250
929415961
18001196
39863712
990845562
101700809
108824695
477048842
384578570
629796166
527903205
190261855
999581797
498965881
977631351
581826372
669663976
864332100
88811656
126396204
838127237
389907382
628340057
40313853
85727405
450374693
930700638
402599591
254163006
416593445
459061909
663881067
430748268
996785913
754305691
996174482
803089877
137584619
414109406
734280710
667001106
302598570
159240615
238660583
676550903
40882011
490512868
870005299
762059914
633666654
917390042
407320044
10019037
264944116
248015870
164189387
198320605
599962766
970484406
261995873
610855972
875428795
326456019
4213497
217447715
606178738
280762981
62500380
298248364
795316612
224437111
233165958
116151785
98285737
913631782
851689491
296427775
736071783
843199094
563318886
159703472
78710087
981222233
39379424
372580651
727496928
549592164
401774607
929590718
612781045
325756957
572261928
660854267
93937963
762060813
498438695
171725352
299106821
71629070
224974188
363865383
974495261
313544740
76475953
461605088
926535075
425100865
797479968
773117329
734897560
95202204
355405545
252837490
790354137
350528678
253917779
299732255
868694558
734862568
626991510
125431884
390391148
2019601
88072780
456904459
235424686
314114099
294084995
300265744
483663504
39426778
450628461
985481141
733414304
377933129
532574358
736131413
714239725
207589205
823354220
564076887
754864228
740761047
486599474
375769880
292966046
807722444
275385316
795128144
20880451
842935429
157186305
357297435
449714978
939866547
586751372
408293782
644104764
661381207
394458391
257431797
630812181
645297243
774309659
872608122
516601702
428468420
653581005
682923671
664297598
327806749
805239378
858792742
370658177
662942772
424594581
776600205
365677575
82760616
533253205
243133166
110151927
266835175
496293544
454426507
306823770
812836485
142682496
594326674
260145025
692256475
464306782
439991399
720675299
259351461
635592125
334707660
632358847
431983751
143536093
412823887
764400472
328083838
147081453
17256681
554186481
337744359
795108660
836946322
613674150
338495973
123927552
409799309
258899110
520103997
328000061
286070614
110727078
75264181
651726973
327801435
284702445
833864900
885483860
331843902
938823460
771021871
465692247
407166612
980299470
202880779
476564190
311549708
545823049
399222552
430259569
258442585
464615847
288194240
562547400
541670748
289483850
906028541
522663520
693842381
638344161
253403387
758909152
793720169
527161980
260131971
605635655
968486696
94963237
631163701
62613266
98746771
622564506
449413922
524382467
227273790
28888782
544731206
265038284
196920956
92211965
803348385
312999823
598783030
488411689
788453685
460668382
198607431
364266504
270057109
545479356
627618379
571080157
521115665
811704567
273331105
872382039
526921422
116463471
986598036
409181852
576043735
978752633
433042027
457232550
53657634
986905331
660196571
42982551
641878394
877743927
726086268
298374979
546761820
679789541
40645723
529377284
817918660
673245309
408288238
849102761
304230770
561070426
628100190
883610257
297945627
168314614
907551362
496946355
459464809
190983604
276274524
701720088
186431284
1057656
648382937
922476983
193259152
280887601
174957493
561366150
701038896
308043153
52749583
379069856
302789863
40791188
10810223
548692707
265321097
764731881
283669408
366283119
756500617
952723326
997854152
508886798
245521974
163076169
547947513
419508729
113796692
255101370
719055294
868086122
335389430
936446133
24460508
988551703
938452311
673254245
970410790
124293578
842904009
292038725
734396726
627793615
584637537
181256543
48944359
354954030
382830623
860925990
919858317
970596989
984471140
830230004
176016520
338850227
728998999
25898796
747231320
210606597
316005530
928268452
997356053
139973589
830219699
337262037
401730016
62603981
680550218
107142574
351218918
251026533
243741403
676738025
889521997
425571461
168239571
60940647
746080914
644212230
490156081
79633746
113839875
220621865
940751892
991801646
239270122
326968310
83658085
375428762
41486233
126450204
210085212
47896854
657945751
250300666
241563641
56939614
26137665
184963656
242296745
288816274
353829216
667373573
526996581
38217240
604854682
499745889
765111901
963515970
933094089
290012389
928647086
211333505
334203170
500012185
408309034
135982900
652820883
840775118
131509306
962213142
482394011
492711581
55786559
943773022
425423022
848249106
982504344
55667343
643847069
475432139
238218226
24579455
622450334
783229062
404894502
549785330
592585685
432765747
945203192
895986469
119176141
883432684
265395582
649839944
940868001
588788571
485816895
323565861
271374377
264410046
947892946
661863841
419461322
338313657
276468988
962471848
765692847
164303234
637668020
456052154
845965851
829571511
684974839
807690723
535028908
420112253
570041200
100148161
97594013
420975299
309746488
238101543
180313900
523123452
747337435
572968176
654811444
484626843
323009480
689504177
590112439
851156991
878081056
718221697
532246188
279219325
756952034
241770829
699443078
925289196
542325579
848783315
663272207
864993524
861712352
655277251
579226092
788706385
837025209
661572560
54673413
283403325
914110671
641770214
297765321
855346296
5354001
373197752
277794436
474146987
106032124
404827077
245669664
825983330
803879094
236520518
112584670
652220456
391366911
735063989
865620942
519413791
611494138
848296697
410941447
117648760
420413560
195248827
978394079
716397744
534019210
908050316
495758844
720552093
940652125
180475104
146536126
364013107
8373588
338336754
662088299
454202385
292792993
888553438
767110008
738078997
660227395
926551138
596817334
898727013
881008006
485776123
834909722
411303750
419038639
898438608
783272541
488115596
746249872
3211936
567552732
124814686
144381615
83462348
207153142
823186505
621566263
748686599
333856251
910725129
267473152
582185828
930201341
503168739
98314685
269605816
576903340
63395551
201802830
95825506
348015899
198556094
782184607
151776662
673205199
807044637
526773454
328130041
198414773
937889362
567932935
189383797
919366067
757366754
198258115
119742642
636753502
831123135
411739045
711276798
87656520
524812019
289979797
225202287
944605410
702233183
230085713
98724661
241901994
57185274
19620232
892740701
688209728
353720990
804072279
779793896
755092347
569219986
63563811
657030645
393094171
435671278
818066111
235506484
720118889
156783700
414183163
5042395
51278123
142019257
411598571
802933625
195045102
443370963
283572330
825164145
27462415
206683377
873412186
310382116
974317358
856540150
807634090
799743078
180612373
922220248
356564586
829828952
827321728
381950332
554427446
151202830
267340187
153657631
743496062
81760868
395693300
892654552
90681614
401894103
943492665
570161926
39966704
277574939
190784176
401305656
110382827
57834196
930350934
567196501
926769296
434696355
382696443
832931021
879340092
376492244
161848318
601826785
348124505
449569863
322286226
165932324
999636208
628775780
979212207
913828815
265664415
463680816
987545326
38966679
747870338
515375514
689436874
855257152
956910530
307762485
795766425
171365407
491098239
647624050
53992797
301128347
487152888
59345465
472898365
194746577
934376586
253025148
524179246
863876796
233636151
998805666
921497474
743477731
203817511
515609550
289526090
884238337
590959144
499067184
278681374
901644888
19059634
211273821
455651163
421218706
236593956
634116073
605491622
354184221
459061866
548258259
917979556
713802468
585431005
541481527
899071042
839832451
75126249
372920188
747730877
837059050
312256148
823840410
369062508
753552519
355055961
150959156
156580761
525301934
71066272
524901853
169634927
996090439
792354904
384249623
356403141
384957475
790129323
464727583
28543158
418319819
64375036
373438236
880499183
969799054
171695521
969644784
464627605
458030308
73317630
486461221
182719380
441203701
275265396
281907335
535160262
816815956
853994940
343138535
580884799
786086636
313321364
184261887
304443002
274720096
602258206
576001022
860914145
815170297
38428907
624575012
475064694
990292755
327998536
77506533
108062483
414244164
350613645
375677599
873223102
883716852
886626649
893801612
581677916
771071611
3920471
15582731
729518217
950659608
392938115
175184762
699882952
550599782
541061153
763233469
946622759
604505275
271269810
843427727
450585921
241129156
835056518
954936566
795236598
394625390
445854296
886110729
795229754
144098743
866779478
196638554
729730937
698342881
425278265
438128357
881683392
730143134
617305278
477200211
264888824
234246443
284951045
60521969
132682701
334078091
203975064
777826075
105148033
494511010
801489663
876795009
526227014
411470204
639079030
962804727
967752645
443881040
242926882
476867539
634337345
829447590
840065612
986716486
791219560
82972471
568647940
748826131
236582723
914407449
770182578
703264660
270526251
723549889
42962671
48625499
574780886
229276809
838456698
810886515
910425951
73435096
516219132
367897911
565279492
302982799
937917972
720300311
38296443
478703050
877365088
410026895
535224188
784788594
750974649
379144647
467928872
920821875
431863251
734641276
299219682
746151426
200845529
338866306
755662756
616392899
208866971
380685874
642790171
102758680
177955578
599012894
240273443
317147049
451562449
628225175
529045400
379398610
920201074
14086461
308018104
657853713
794583467
809136021
594958378
290321640
675990808
298114607
574246969
149798668
882405438
326845979
753661278
857748756
528969338
912094815
922985411
667487010
432624524
295273017
969165699
41183025
513328531
369468795
595893810
526227279
998028236
457123380
519913368
100180646
398613855
744782868
772010748
498253525
931363884
291703480
317563685
163237737
772931511
420690454
329686536
365040863
306710998
472402255
97424404
725449034
303462741
358453302
732112557
853471333
801363954
84000155
546931605
47594795
303191354
427097334
227853313
53506080
792131208
259960995
688585183
679312340
982751123
576379667
807787104
665020113
169957170
149863194
83746226
579008117
16298803
888722806
609861525
671455824
626773174
377126022
673702366
553166794
300319535
795272474
713070369
287951796
418483599
397187910
324407557
987713720
34270350
991235129
512057732
281602762
857993593
416292438
391302328
94086616
501968631
835651569
113755994
11507356
42184584
781038558
870620928
142673179
182631109
270762840
447463689
786259480
566743603
998851173
953591457
406270595
70470248
546124628
29769514
386539989
232753018
799528483
49935369
786223234
331753902
282626452
575728893
850464605
998946808
898022103
597072529
343894887
678234566
661571967
897698988
869344427
683539430
368606497
221438121
210131710
85854636
773976421
783239095
391515304
169533844
790593656
68317505
595372053
737633652
415237721
793481651
281892421
117414652
575749571
366605550
873059673
319643983
860337278
173381260
134906012
439132917
137568502
544896394
959016255
48981152
404726951
315246957
588474839
37288582
812561545
465310119
459429823
62635071
706058116
466964717
736673402
563416885
693715520
591462465
310114934
46168287
211909430
626315931
488749474
199285225
786278480
156983835
879701226
231107783
208669285
812798504
972147576
715106301
146028200
650993833
759406421
139956152
276729319
158356577
327195558
308574075
910179834
186937756
712050066
707728996
187145277
508425064
491109572
978628855
381088947
571190982
502964160
658924085
524921272
474695682
818974395
437857481
572906222
137837825
585457051
268829241
574073979
131010081
639355064
817435104
881340017
666030823
863486836
888074505
249632747
793786896
92196049
668514650
786683221
946336969
4200517
859335548
111732088
578388636
846664342
13970374
750260377
812476883
22994972
705093877
746952593
672834885
546592590
454401578
714451539
704863429
113756352
715360606
52066764
520267694
81178544
582302901
866449032
82345746
946933738
314269874
205345810
351575970
28597308
208307357
575903364
248565325
908103736
834448028
360583642
759584566
870182097
153408292
666614508
409329804
999681914
578065003
348994652
256214754
822830417
611066773
432424993
27411509
378437410
293474048
924140959
4021983
387291442
333110210
57470617
791176159
751467220
446346170
335045963
163517335
959990892
143329049
350945709
763448645
103285988
914205327
262650013
547679118
106050032
532677221
956538423
527021798
476687869
983270833
404764695
525060363
341154480
339982948
446692959
393214492
780036659
776513112
244681852
362899036
519929556
772076046
961854522
989885190
843640303
491829113
788593748
451636677
178478130
267238014
304853627
795307523
197866143
79243566
306980274
102252291
428737362
955880995
650585568
434313804
295653242
236042380
365120028
857817083
252310523
722362147
281141789
803112783
152077762
848744381
677880881
510676894
291430196
121839530
6548972
339188192
623627968
260817865
573946772
266668276
484708998
656075466
181272457
2683896
799844888
995047689
104636629
747774401
145334243
162094324
476639935
785682201
229984885
809459797
82472071
774627252
329362588
317600216
819341818
815781446
957360625
215709032
584649513
120262279
591771202
517061364
156164672
370379308
584016255
838836517
706573738
676531652
477921359
622367179
955113545
368067585
838393652
247302924
600608421
724582585
348090920
341964373
603079969
153545468
368645276
132204019
85200362
250806691
382732023
242378230
110211428
642456776
734250494
964574311
359533418
499666915
866109990
646025505
781138871
142557978
818591309
509685667
608868596
204808070
95979851
919225011
763218309
417622923
135143782
827246502
535726178
189857420
516956767
904312245
631942776
810490696
749941478
636408232
102066739
280321292
925236598
499764180
423681107
491662715
792967049
174485211
17626581
717984301
842322621
642240631
775899518
149855530
781128406
928294061
759564522
519217137
405415064
194448483
85022317
690915220
225475533
867019033
158575753
468599424
372119355
492734630
842088097
761500108
245314264
55509540
836629278
689263537
87129520
558314503
556357537
163937638
161873394
776915948
31485228
981366179
508542930
226041809
927029216
478661789
294181089
543569989
593148076
370093397
641462630
694626289
173219389
460637433
429807133
625016215
187412330
554605676
976543476
252205278
682362416
26177730
693127209
972100439
991656464
199329102
781138520
181175579
387187643
896560696
783765211
666021551
418041959
258999108
340701498
96191897
531429297
214851515
807870174
271253048
649273145
778862830
498102155
219237948
734425561
702336641
174883942
721240358
22074467
861446375
88510283
345676628
514762987
170975793
282455654
615780419
543541171
741293411
117504895
505185421
683122614
458278526
962159706
58989462
75519865
159081038
780064726
571483261
264483946
101011163
908672853
416765517
972175120
476519405
668096389
324755268
859843239
314140657
565067337
622651876
205898229
223441361
764156250
720681346
607601940
91421463
186875876
911007523
266714744
18488211
69022604
369975099
154782053
494031769
57584793
106391027
370346485
54797832
960773997
482339300
298224255
443665209
78211685
848064086
760084835
592101711
633030251
778744033
205925190
586484575
203623976
378520948
137631197
146636710
210012342
125933902
378670266
44343307
448254039
774949888
508061115
320278036
386077314
897070396
762117957
119681612
433868034
752533088
974067932
460299912
687384578
312415939
669492175
270502936
702043785
418491281
264642753
591169519
703349896
263965442
425038686
921837328
264014662
605779035
33346543
309781247
885542974
377932102
888401987
930097851
110535383
665337349
211330798
585536968
761685416
318993364
270078859
766736363
654425838
845809635
950262964
656678730
662404862
590203249
898104770
737604783
328449733
639627109
940313010
464280248
308401802
332477703
846129497
804428239
811183621
724370415
138357080
315303227
855685203
877558717
583038140
824796189
603533175
378313002
191554962
716124983
246533211
58363798
54273787
277078057
928552429
499053179
91456992
567943396
963835264
530627033
855018089
786669149
177222757
604140611
843797333
165465630
536471783
609737659
405385977
19973639
372847348
442603826
189129360
690286780
393387628
376682915
287790863
762530546
376717812
96284691
659459521
140364669
914015814
57000941
156636427
247688914
807708890
699886500
506036184
886997196
772707381
926650324
880491338
52238677
898457735
158641383
283449338
300708215
924824059
248702298
826903106
125403360
760783810
492503921
125197698
137448472
832149581
994761976
450007427
767600781
783005924
685776657
995879205
626517706
775276322
355024918
591089125
625378008
131812306
171074074
455161528
451614197
350623030
290874991
152250921
18927095
581340268
326531164
718688385
66417965
499740375
633930293
53346623
168587360
142121478
615162957
51078252
36113965
668560168
485442776
632334397
136741008
212549391
245281077
776171582
346261444
944244900
919958348
899206961
551507813
225524813
480873752
439682907
870415750
267293338
247143274
303654517
428645555
12935768
980855438
909413767
437908797
66558993
335683616
926617007
658062197
360628325
796092233
448183094
193194516
914837258
753163342
255881561
971346115
476524415
903109585
44631158
188165516
52677718
725827929
955881833
456720671
344542574
403388258
537053092
398847128
878077731
172139399
291855084
937829357
186978485
767154925
315418668
607875138
749713847
314029085
118513543
782757703
508001050
750573714
636734287
844163511
701366634
619754419
593386066
959698405
440920559
865244880
838903389
321168325
915196119
82266014
24986485
405665489
371884931
528916678
988241868
65154044
51523094
86991074
515964987
24664359
62660595
276317179
745804382
674868528
782773453
372939919
311398484
881723470
745153943
659011636
487677847
904033111
129241006
841041112
12376499
409194027
910329863
713192283
964398786
8053653
444325656
213612058
65038624
691724204
764183454
124306216
34650114
46359176
146902727
798871098
185220026
146313738
573421247
467428157
258394156
581774142
548480131
864397296
628860995
163855422
373508047
152283956
384597966
468330728
372799095
373444289
468336902
528569678
761735842
951831259
18706979
668927217
815535132
88014331
284864910
681738381
747970983
243303550
5023765
294238836
241755524
292598864
937143510
146144329
885735644
340623769
309147522
304287362
868788997
642491907
316381250
677622414
156280237
547094031
435630945
564075638
32164637
890582308
247870864
960129068
328302635
807267079
666010790
194693196
882275732
496531377
949265082
910735793
765970650
86906530
652368026
411299417
609424918
372242034
705710322
910953327
907904066
859941480
151574060
289390368
544906986
267525540
671994553
530792771
889772269
331322089
935379290
150755551
735785599
549872448
961865589
561969552
33163973
274682227
161500224
510530865
841019981
382233642
434676002
426656918
173385065
613715704
740861290
776754029
446598015
552717977
839510975
278194848
48840973
126171777
486147745
143828605
147331994
460112665
226955316
360160784
224659808
899376835
76825843
371303083
992973018
9132603
788655886
440208589
273212303
416188140
125786627
389371102
146300855
419304954
534835650
385081616
184185242
400285865
882769275
922499049
850844694
201395421
469915633
193206433
226864071
799709801
359720784
572587523
55891886
805281947
176401174
51273455
737281487
537547041
913247755
53072500
296440291
693182697
967188370
231210460
552887833
908676610
569316656
515372974
675750896
842144208
16447313
893955551
67399729
751477611
625359069
159090694
48156560
929695955
129238297
116435650
128483327
773406980
314937851
567368946
749783584
706577823
60017040
708156846
250928088
659353065
570130543
458816103
474842063
310446404
540185355
633812655
867967585
841671445
166786424
797400244
145141168
524466789
424843556
108316865
593403724
60808927
787813226
451721464
870486052
234695634
618900733
680666646
717190101
95422384
789650017
845067772
347612138
590162041
692699136
873042764
407131384
290898422
707082259
287660834
295313344
619552545
347309073
191552601
339354468
765179996
781555514
932498026
773420435
308406251
139650301
575022689
730207959
420806726
48143730
546196949
483285590
390726516
127596599
598246713
992246113
142074529
766328861
536248468
397429737
358915329
345219139
996095323
486953437
806221307
229747459
926084909
316008651
445936809
268325647
324894113
96866335
987544748
240061068
219369321
197754123
583615811
680450938
827475734
589747984
483358484
780106220
344912113
363046473
590978240
599455474
818312818
997472615
40692761
671480571
123621634
916774829
96538813
174888108
155137436
482275501
912646283
251721258
948894337
988640958
948443173
716269177
613453940
413025066
123294872
356231823
621851493
638563452
116369940
262450289
230350807
624173079
570063651
140113885
532828122
524838138
339099580
352206989
934018204
80039341
342468915
525059988
630520605
682711156
21655690
906220682
25377488
417087124
886135687
306463479
870199428
11020791
135925563
380605776
328228506
86845585
890997705
205902165
82392947
314564451
128665896
602138751
74321412
72135360
32585371
404151622
453448637
999847013
90799994
945344810
839758990
399253724
945308803
339884608
59377965
771866822
691912695
761599036
99135765
918775309
56641327
809212618
144391470
929595336
633849422
220397720
213820205
77624997
161110457
651226259
85529647
107807043
627325371
972956346
920786331
655078882
863001986
554690089
234796605
562915766
145451243
298290757
638400617
685349763
266683863
771048682
80202169
350473362
458081757
641937077
155571118
39413384
543455943
768899986
417119168
991987448
700893156
707467360
520664215
388731553
253831698
115092039
471361634
478714166
983095878
510956804
196596102
523528602
554158544
117599734
165390706
710082234
787688867
58558807
798504538
248277259
666482694
15337388
969054050
714404779
168161534
557344293
980407469
327050232
240564800
750063689
26265302
249534755
495549866
319561324
287254858
201393793
486952864
605535286
499029658
631120654
759752539
770471501
38779708
453379534
210018429
249064889
320221946
886118566
679013802
219919243
561554663
236490752
119862529
960640651
796523393
579216630
121478907
307790051
335660432
146999274
51997301
84762813
752923259
909828674
592728735
283514543
872372315
258489550
973709947
990153725
160191716
927312556
793199486
529773749
389271032
292185811
906014948
72497815
436730248
962070235
499393958
990562612
599184039
145738674
140100948
585367463
866205534
620185130
272790645
413767520
179363824
253127569
377178491
334491341
822373564
939253518
750356763
568414247
737309103
498335113
670634965
520521055
742499601
553065972
520571470
846742591
339635423
655449648
299402762
265452780
40780879
962795140
838865754
911263884
920401318
577852310
951447298
607859769
403177869
262346087
686384906
296957754
135296252
609144820
846280646
2092289
155060484
915525541
925980162
128764135
478096673
938474123
675407532
606601011
643075438
432686252
559335437
364527091
725796365
872910535
489609630
896540108
822641204
44502653
339135640
223546481
28817354
249535044
911974366
385806611
492476445
720534080
240182790
710893774
212707617
459892500
305574804
493671831
867568578
130231975
543366056
397648336
107731924
809466813
774706478
841161439
431988370
394046981
536392070
867210255
972761917
184834226
128587804
512340251
262957154
722292663
85181764
487846276
329871785
251151183
186429879
65658158
267572551
289421543
579839966
421624629
776045812
652632937
52782347
330513213
23599233
941370140
9103969
29895539
588403860
938678946
242061323
274188369
165730938
583629106
167177370
85473182
189351345
188301767
781165715
474317861
508729727
347694669
246855424
451675747
788059590
555515192
669088087
982039801
348849183
883557678
322848145
138379427
764683126
208338207
322426625
610990968
634947295
375886461
479207386
895243019
613720059
384070910
885703925
937300027
950695790
131559928
584764211
752259066
512921656
533498647
535399440
545735791
499291704
836206813
970482713
167788044
834157576
776680691
156601326
307166186
532077747
827407665
512636744
694231457
162642898
142979424
21184412
722484856
912477558
982215602
875715368
321500706
640933266
317986815
346420000
618161015
756652202
66652270
918963879
908437251
704094165
870003848
862924366
728569239
342284069
644834988
520466034
362340885
522451062
178729534
770851594
950255260
726894514
895391663
322674348
476762201
718326098
538815669
713237510
303293983
767101341
932819441
153294075
587715305
173167960
160943533
645400669
884896181
480222576
481443403
125427676
458467357
991481099
43078791
729306633
350419782
939632643
999631846
670885673
53060899
937960398
934560843
631802030
706942384
145277229
601923900
10570357
108725407
914237827
865683062
855624362
454550921
560753100
376726124
815838314
667334263
291646968
965419746
982094062
360504883
258359108
947234185
64748461
976063301
166412079
539956551
954394821
401429444
863524616
373235881
347101388
417407435
853667444
634680138
780348604
658694400
740021632
741451670
122176465
378711165
186713868
552283866
283591510
202135619
107366940
42069290
683073142
221369874
437917906
49645037
782056842
247274911
31820269
179128191
831562225
759857384
927660729
186130829
822671426
121194670
482385126
212410493
517353885
910736736
637742264
45988347
351171620
822223578
893218075
178494464
945688334
421809957
395647318
807475490
945945294
208589629
923853163
88626919
907155409
841563357
446079860
881388913
994805815
101196640
358647424
951070610
333649610
139064261
476171260
91645077
943604414
835680571
336853833
915583075
334366554
634465996
410769556
120570816
995587232
48901863
354728050
887683014
215747004
150276743
544215165
691559614
890403300
735030059
731074917
210360521
239275281
543548904
825009861
211749893
641669448
856377017
477641343
260887454
121037554
29145168
359785007
847381451
361998877
44134815
765761489
60384056
526946812
954237467
452975391
254486500
554399118
174174760
430660781
243798357
67540646
934194969
748604720
437571231
498945919
853063683
204824664
987954213
546257935
510017755
290589534
458944580
613639427
99453662
621838788
745324537
465100724
737471856
567966995
971350023
918348520
756001758
782106425
881185939
41587836
368082370
861453534
796556948
980749884
416975541
421849705
561810877
240905942
532140711
457740334
22567705
973168029
906700961
976800778
491353652
577164927
83882266
547931579
342096743
719222257
594008954
581989092
345086569
687663261
18990690
876532440
604977703
859187178
77836569
199031179
996642390
934070063
624585132
457392271
807155315
512972811
29139181
312329174
886919372
534429764
271846630
923009810
988917805
69630433
224270206
885584136
132305265
979895911
11439887
323606381
765026261
982290809
54984078
520030702
219876253
740100176
381886681
442373462
459397399
697440549
50219113
5799096
387227288
511062732
91047350
943300742
66995605
97443258
194816516
707810881
34590159
509550667
480866161
917991124
515590815
85211499
80331501
477614640
766895220
567790160
935537346
647868557
950038379
189935875
173092985
32567726
913433264
32438950
643247653
648185483
11737022
322777551
734668234
993770779
622773836
721725469
371651884
310235690
335921477
61430331
179888289
24160527
880596100
444660521
167237469
708178859
739445561
92458659
907590849
758167766
48088440
836228057
138734656
386883503
821712582
690317747
889236669
464346560
768573355
512461210
734728176
197193933
951408617
361962037
550555658
632380773
340013542
799309898
175626903
495027827
861695516
35948385
731379123
925874270
901055632
539206005
950147584
270710852
326519512
424940043
758814258
192331198
28267791
729232732
536469196
24954036
640691786
440517748
918917017
471732377
592227487
994804126
758213725
457880635
876397323
789204275
862020123
195114010
970115307
152761079
435409945
287508614
138788240
128608636
726871767
14555427
962471888
367790233
240596378
764094685
293317802
412595988
18741706
955981357
11773056
656071683
920219692
696746813
887471305
304389810
526651019
836185677
570480726
740062077
291484640
58710612
239550509
786512569
814881436
135482484
716224583
508319207
674812010
487736634
917167124
346470643
73920910
767390933
361771742
584274261
672060749
247934328
78102295
367090569
366001323
436759875
657440012
757858160
450670421
469519025
396188057
600412097
550384727
527738944
433611498
283888223
943880317
732858400
544866859
854044730
423554520
713001707
781002283
301121100
627181628
313224313
461085640
268893975
859467515
725627887
116344857
875878653
781158594
652656610
862180698
817163318
985023345
985050345
331139507
424152916
400875132
875344917
738409442
899538441
675907385
18473143
871130504
516095967
161963192
412934766
793785324
170459778
907963451
869167371
844163903
316801722
103568859
56164334
57872444
970389681
749252636
933050267
504082799
167285118
938312872
999237837
141195577
993980560
27954265
914954650
708316535
59565619
149421238
693342306
856922511
73049992
961265470
845994301
196819869
9760658
285182763
575713247
181474319
203269319
280455633
353431814
790018654
583095880
110889394
990656296
776720273
193471922
637231671
624455294
853417990
74737996
528415693
868930409
546413407
566487172
326570822
755269781
626529205
100356496
423593758
981899214
949523053
590406805
611176756
426910035
263772134
600320983
851539802
836856649
43120710
569189342
182715674
99180707
685008463
511439676
220088656
529933289
477475195
771509480
544988276
164130109
583362884
610145780
381492407
122989228
916013663
626758052
354194096
750464156
187988007
281037921
792539462
360900365
602804583
67099292
1444375
120306174
629429430
214680735
153250221
795643677
50218839
144491559
972679660
849709462
5247002
288572088
184305770
633588331
69425458
301577345
771148567
234328367
493548962
135182836
453365615
872398419
616377896
925349653
437603628
611654361
112094633
150975894
410430906
543953824
175947441
62499951
953370874
541223249
970622361
950310199
42409307
129695505
656859704
425355090
61449072
34199918
114058809
518136529
807037717
464801127
20090747
67308331
290795069
273746670
304265854
565390840
756319233
697597778
113378789
356651612
218951359
517581639
337981190
840991640
9630512
120617489
434507847
127714732
258172269
124133148
748609269
404347767
986655672
939702228
796019924
138217974
500204837
893696856
989518341
112282456
60303360
297564462
114011143
211744503
404880807
166001271
446500312
824280313
539762627
118209445
793669144
694238336
367675796
365588424
877049245
79963232
143854562
588625657
434207008
103434735
451392156
936415577
124115155
252701581
374835402
344149572
825850808
100128818
817121523
857084529
201989003
433266880
452807468
673910785
461536179
160188870
639643413
178104513
101975340
547432306
720894555
312764324
35971073
576220461
542415995
272594964
915508831
461427031
681337380
636115680
654720118
667787758
837315697
741834714
122370810
79150947
72666000
324045349
725967468
329098227
104281299
167063354
141662245
685055972
648104883
811138903
757613956
293056886
896019133
148941499
493189277
36599893
565367353
88428805
532364942
740596461
602925748
326075890
166917587
960179345
547995287
673854385
383465401
134189824
763383764
314015684
48151839
454448063
228400576
817646106
543737874
404450471
354587982
756126248
496096636
554926602
332764434
259040399
790580150
868728027
849056973
927746569
423454803
463809719
617950894
100731190
859578555
510604302
71987467
585036682
474719719
698877999
720590696
617464723
349393280
499196735
144606953
999921217
150817740
265419465
328491856
65183598
90571843
77174986
48681168
372535433
977756844
105067821
334533157
807126230
200947145
196397330
597332623
62579944
66937980
325463574
883196759
323288308
300276081
530072813
847326440
330990348
664785200
964643807
469896219
919652377
606775340
740355686
237979615
533328116
539350988
294067574
503256242
203591416
888210220
130278002
991850259
956298815
301552838
914182653
990500257
641853342
490193018
58927025
562362640
738804180
8697419
146439975
256102188
767532182
914347221
748773447
163524689
568933916
647948697
475662175
853858655
852432162
668993431
364056794
666894008
98303893
347396057
46672386
82537845
111231484
365013786
489134009
400948543
265146705
412378803
469089367
765261131
753851201
279550672
385698003
638018470
967560869
534723242
434195722
202774193
452436338
860196213
657771721
803935269
778325013
772548704
897784781
460763138
39354794
892328737
203384627
695554281
642683303
148298480
832892889
401372583
502620707
302252507
581837435
241307229
750508213
962652271
806323263
119081606
595148314
818796818
175461427
589940517
24247054
171976216
882867456
691093652
624242634
966030909
774778775
562596069
914058441
426966594
611130898
402397075
237733277
109750819
465969865
753390586
441544887
620143967
94868751
855652313
273157505
530394443
949554133
813649514
683487925
39853258
403738136
626061801
986398858
745041122
669190373
704952161
136991933
478426731
827373205
371379288
226187676
551151879
379503070
956144121
657442719
892165717
726689200
557214361
370869549
514706687
31840785
209473114
910687553
460797435
986321803
207788693
93848292
875394880
106872921
591004674
530842454
144063172
322107839
342300331
274109190
91515225
772931161
690473907
425133303
83093957
947513968
7051865
618229403
497241407
499001740
185729484
917176663
444230354
352919154
63499333
810281086
794909836
1274773
396926140
670107160
552942067
201657583
142377503
256034195
354985374
652157237
305622110
580956969
415503960
596727877
424058283
737864483
546361773
730655219
823937377
87694165
976084851
222075283
155298090
546773659
569652588
143032317
348929361
580325925
706904911
112352670
62530864
907927329
516129388
492650038
887342155
857473042
379118336
55067002
71862502
766117436
624962847
627896602
285885400
819821758
112077223
879016962
995923333
247555171
961423553
47110400
352199387
841859333
48633227
132928772
97734802
364400800
988698405
789404287
901662236
513299592
254132883
908195649
691746433
778436387
755979058
690297067
15195832
691604592
686763149
809627786
192199543
690288059
675478580
131058276
43226367
57008807
336903167
328118527
268973774
170603624
111032513
660672678
140956026
611451953
883138826
119133686
21072969
499592155
250940727
119330545
370101818
812826734
462595994
940929504
327906199
331331527
987706260
142350171
652258181
285947834
403248858
256406128
788520722
749250407
777327330
173438730
109039169
301648404
15859730
752502389
908942619
529190657
700798820
366197636
574156698
465410053
793206388
281038535
447781736
176456684
200479488
2779026
312591163
306932907
614253165
974912778
80256998
553257742
213981212
308599173
232010546
712051951
800922329
543558196
790798325
162949667
678236423
792015272
121594284
388405601
125121663
1566213
654381597
407482079
626399928
487872138
703418212
806263099
113684662
334382565
916752578
384457478
350241598
733824317
531556756
305916842
248879685
854982657
533696488
40208319
350685888
358340766
24058696
313045887
912144028
255431783
579508980
745298483
49154709
409297607
162952697
853456859
168699511
607237124
184825282
608855314
482369687
802065737
647438843
808608647
740705563
814397422
913963296
98138379
453270148
515999094
535422547
603326894
766606194
273056608
741937185
779751430
860703180
218230280
658546894
267114863
194327041
741667683
41297673
248903526
180541696
443679337
345879823
60466576
905978762
675573250
238955143
563125899
320887277
710182369
241412329
107588764
921723135
529908581
53142030
746850502
324013398
197645823
250523988
726937634
280457758
784733830
470670478
183256632
637705935
870133158
900571915
400976987
444976140
696301483
874641747
959791969
928656678
169789610
650759677
576563678
329258878
28365313
982763559
483774079
660566436
661511813
936442037
737366711
295552674
267437001
506431455
934478771
909613834
257268204
983022146
439726443
718892999
75896894
690730787
368121495
139945999
898976471
674597198
253359838
966726928
986864951
145515171
542138162
911847647
828844620
12508900
798318144
891292352
594738152
627717936
775171377
745244433
826081390
948954929
319603486
182409821
745300709
685052712
409168544
611197261
38882784
630817733
490850066
178343036
479313352
321259540
689998144
774043294
290600569
338866812
388476888
982384759
733487698
93052356
132990148
956840435
988999162
657490819
827717585
982823731
52752303
298924730
689807135
52771099
17507347
660115706
501934277
123949469
817716287
169969566
283052164
855161851
237370580
145465188
616621151
525750671
741237164
222869222
525019767
528774902
479610571
209819530
959504242
299963970
637998706
185212335
686996152
795027825
155698307
690429461
598143793
660128810
721005604
153293557
235515074
53797965
865846601
265240831
646445176
673305038
928900476
892552403
501975506
914467220
633828519
244086718
791484781
251109353
38010324
440807566
302027292
858864012
647227998
336502989
522057103
227726766
563027868
424442901
571131298
8758532
632028792
931323725
250349374
622553486
700234667
747701194
332699905
220567290
240448120
673212546
768149669
435127406
817171743
565242298
565224477
979923449
80921089
371286378
728995144
570002311
242664495
698121462
784795808
818769203
269142267
524987658
97666381
739222423
361107577
903344489
409424031
227626313
629070725
2361362
758434197
440053050
264916502
657155710
221563806
285701101
922804676
655893029
723465150
355623972
469051810
362215160
495251688
481480202
738231874
911064129
632791978
776141599
441522471
138821123
604261279
446473272
913362269
612780901
487255145
888326302
953774311
610334399
177682733
574758982
626249070
664833050
805822036
30731094
504870088
342960458
119333100
750990287
529404226
247538399
648689626
262597766
323367264
850045675
57403019
659515766
557615124
648729896
197577236
843907087
700799780
321044080
40746933
397272473
288068014
993241095
834615354
474278868
660670162
485310796
548222322
363107529
981685223
406046480
911237101
388378582
216857927
270878205
127484650
646183710
684581636
394212786
648478092
655486525
725351084
168371449
229644017
386126087
18547306
482817632
860091524
280885650
83206259
460219335
56190005
827565455
539462072
389991634
439884313
956724784
778644342
725316723
484590758
41735142
792548623
276240373
804680644
560013007
46187564
279295109
388972637
537777091
443370082
853202398
734319283
745401644
630744200
460557058
922286666
236413849
113478659
386999376
300090858
230410135
914547551
922231279
576368187
528642388
799621172
881335037
823021243
620752060
410854932
340204271
86295609
392106299
5408224
975498624
53407420
873417368
878313166
197384920
495454896
787802312
964352777
342429550
13012045
745167380
559897099
554358094
947715829
809777577
583184782
621999345
191322956
824098469
300326802
966583927
23126207
310474040
984347828
174667015
37283839
991930939
545870196
958298570
683530664
974375820
776584135
190664272
937902405
414679266
480437152
713272845
144519705
62616297
432514400
939866835
125142111
409359872
801871332
892585180
240115795
301200679
402118221
197507958
202504081
784392708
892346044
739564825
96602425
635500796
841021809
130890473
232704921
501353146
386770355
882061817
181902446
823677918
82499202
182253610
577857194
755729970
393111673
492199845
46912163
91690133
232092768
732951040
933558461
824346093
868541112
713768187
325196979
322540420
513759918
584095910
248295373
277098059
905307925
517409234
807455331
502421726
246451820
538829610
469568833
400670789
930249043
393757452
657156766
396415260
580030429
621370257
308146665
931883430
71840192
544686463
83760801
676398164
369430259
717997304
461850004
448323060
198694894
482820120
39922293
973817122
815970898
675128229
990279573
13922032
383417162
199464105
759090172
579983683
754726906
139644021
781888165
927135513
795714848
311114122
199905368
766548036
716860720
676619207
304805544
669375439
278679093
844697085
713804221
948807023
145825519
949613149
82822136
401356884
112136837
571701269
502233862
164503148
396343812
998678386
587937530
605013424
716982159
51352181
679885538
590770340
395068151
901242684
490880230
718637595
304392984
792989786
10352402
71883032
91830310
351020882
461004916
862902592
723839188
197803833
630617584
880464673
80384968
940112559
956973237
5421691
13788532
190083270
330779501
184811970
17554391
179442256
699624701
161501411
409016542
698136070
205419816
944991258
719680180
542698098
768443645
478744867
808426741
395035765
743020970
210362705
65288399
68925167
513028802
303161399
957287307
359350803
669839197
41189482
82874339
308930002
720971284
574438851
847790395
566013169
114639349
526987283
852713162
650652314
733547798
148034609
91840711
367482291
910697843
624270892
101602736
308660264
450634926
891741935
269979127
375360808
101479843
786354202
619444676
512925593
416250744
654387370
510347831
402617956
966397035
607859384
876570246
682034573
426130412
454315927
801603359
376577417
133052339
956591948
470716912
615991571
348741338
485320156
793683468
382825329
592377412
315437782
282562216
993770829
101144934
787669143
90334328
250195161
683069808
306938450
468720918
710773214
971110361
681893982
287304327
336985313
361735395
623200730
671111792
841343978
726887459
312985823
260110362
428566050
325142829
833797196
71600263
261507729
206044199
902662715
455283476
906531700
800995930
794313523
170823295
217077063
324775598
557361674
188999419
599554587
73630425
628199214
420102521
372290843
699089888
729611901
207000988
976096913
61041370
504577568
85352070
124138602
319278539
680445765
9717941
589136656
509647149
684671603
971887254
217527191
969076141
540503629
696490924
933064015
623196803
559501802
889040404
946446022
330916403
817488602
332805815
122904544
192226467
651512161
983490059
476287028
968690780
447627870
94444366
56024975
540471431
802780581
320209780
72475632
629415621
738796446
692457777
966478458
854640178
22470207
339942919
270569144
555214400
802959871
832869037
532145099
713956246
716177563
72109387
272978532
747020910
325591955
715010841
944824092
885874489
269833894
232050871
107470084
371410211
769723900
822404787
603433892
704378032
210816153
581520764
332603066
751963060
362281001
510088263
340476446
597261862
418923500
181324795
325259605
636570254
460363205
142295615
341921938
578809586
109875952
415018940
435423272
682083383
145125769
784399367
170670049
774269489
563991119
912570597
543362269
347717704
140916271
703017900
553744276
292536136
822695516
752889558
804373776
638614121
407324138
178196071
843375309
13443807
825526563
574134557
616245519
390965615
1799219
381564681
312129812
106078037
710281492
470702339
94590842
40115303
60495210
324385285
692241071
344511350
248969550
805804815
591213721
63031698
994994608
129386425
619297145
537369771
642223724
318540937
40659630
536567687
252571169
130297729
890443605
637635848
144828059
154369473
170108759
502909529
237646329
552987929
697256422
349095097
245017011
697888838
857767833
83622018
242095498
782113089
243441636
295831488
370203076
336830481
174916600
533695989
482060933
467181501
407517797
71178593
341788732
536171601
896765452
677004641
588927106
971941167
360637784
732532579
51719377
851274098
517280283
414574799
152114954
920996378
299705782
558433262
83432908
758955349
53130877
247079190
161351126
847559525
705946160
134319351
249862792
435397545
171919116
2956453
446068753
196244399
789080056
83364520
271150513
859801556
429843183
213564603
459595652
184807268
27266264
8799987
64723617
872691764
653954093
826774439
5786452
278741911
962962457
464130438
370395982
67777961
754160723
200409406
755754852
282635027
664863079
17649046
683146133
646280592
500139623
566937526
652362135
302187982
516070206
727658173
716230037
612625820
48305899
410822298
550118333
80811407
238653484
594801932
867284696
940416126
254001367
449938425
688152302
464698810
314755487
807916650
410078656
587583438
54056262
162458785
843906743
285377
214398853
849805825
384565776
489630283
454880621
50618743
265214673
917998348
90151122
779345544
407898398
909865871
911241838
82764305
728413558
6205132
848803942
256326726
879056402
775542761
130884507
5090084
320153080
129265330
760222596
125440478
299747970
878800910
590148648
464473458
790553243
393593178
13522057
625812725
684238841
71324996
295742891
133811386
575368699
215636343
880726287
542494477
280765904
831621329
577828563
281265534
834815611
795677576
398066341
866313739
77191463
833820714
949571171
474822688
106717543
751365313
725074059
778495699
813554671
396913376
318315338
363576229
421626317
914879521
591627464
26457116
474175934
943322355
83539534
727134954
977574197
547639138
493103899
7181315
481970985
845721443
906746936
234565743
722113805
476457125
543797507
124579933
67630591
291004066
188448385
604276137
439301731
905049655
148756975
237247803
536322281
40309192
537394101
106243020
189282370
904805479
904200054
263017173
404570163
214010764
767210004
597993763
198127985
838721777
386660897
256717365
629969477
480576662
205595168
535746208
545591483
222412903
741026608
527546405
406391575
278203510
351236540
652113372
248427982
776097951
227619195
612460613
247336082
948133782
163597146
241779519
586941431
671473633
138479168
171988552
330086188
908561095
520734175
246553542
772412675
227378781
743007063
124875548
323323470
248030187
630302999
581206180
303065102
558156418
173119117
587965009
170858260
367237907
428903546
391497016
606223985
928620004
408073388
437722781
554132313
548141083
254925194
185797745
814326156
819529770
769122433
559810924
6149425
579278059
330046457
31717980
772435871
957485657
584149032
103116940
899490541
816209597
834545616
259139548
624923292
813143063
932440932
304644851
781069760
305985780
611578813
361065880
578961923
321657448
629761195
701674395
776287155
854545142
785581494
33692548
692500930
829264279
863869980
797594499
35234875
165951938
829949804
547105195
784369048
519900489
140654367
497817266
443612720
432378298
869157828
888011297
814165943
825773685
451022343
882178879
71009376
3737031
250467341
365911637
329597437
575785232
818717182
130233535
79205746
15871682
670385889
624118224
828910871
885713872
639208366
665846611
63156416
106210093
391029766
247024468
136086776
44065536
469815705
837493557
47305575
595787239
331548065
405034153
136443195
897496153
181222253
700670483
609893729
766544303
69763789
228555255
470308739
489713239
630532975
718822793
857911341
112809700
39188881
852465061
32420936
957763003
266034782
449198292
225355710
695868433
456568630
322452659
374705706
939608723
323814705
530030689
317447289
980526321
765112427
804645114
360094584
996906965
526392078
535459969
273461812
782574751
628566535
789923642
665035718
806887860
443521281
514595925
370834294
206062918
761285756
234335910
978355027
127245552
925320924
281130837
843191324
699283148
129459425
827010829
994123671
787945217
267886131
769907889
134967699
608376055
308648825
826982014
546188064
213852729
21539914
26851225
65264074
857461443
32791754
160326160
482018873
232093464
601880023
648664307
623601220
634201500
219830530
719022710
123534926
168046295
113777253
738702314
370227795
209702105
9119926
52940815
412558662
483879045
48481994
695425325
663637377
271659076
595770992
896360056
88559102
463531796
763994546
399838207
187951394
399655003
897087426
220431268
496338494
698054096
908856272
618323594
502823927
561513509
336250145
752983128
871319463
375202509
199516962
687274217
588524713
759616555
278406831
157081739
200088044
627204619
211435532
795930738
608856688
206091761
904322541
309748478
3849649
440595782
94069584
433831508
364564289
655775135
556747471
372242923
642453721
882034924
369910436
819280166
159888573
775856478
844658406
593317029
986643567
644005549
227720021
375237900
54925705
681112604
40529801
36846676
556187430
164308269
970125324
569045919
726444841
13635718
555791000
675246955
471547315
823251141
525727358
682384979
409821831
195962222
529625746
540077345
816741503
972443855
185880260
327877871
644744704
736508998
816270140
871243095
261057262
799102358
976297239
778741330
797347581
716222789
905965439
456199073
37269910
279769896
323639293
427893295
581428980
835349430
564721984
600562309
624024392
727360742
927243221
942922235
51410780
649228880
228050151
421539445
730035778
685433108
996144934
933324406
789694287
872022310
433815173
405575394
427764857
173597115
261554424
196415431
261069361
877277629
829371463
421629404
534225033
537964396
424938844
858322478
556833210
774239735
538133112
631484986
586576891
410545410
951869426
976463243
1274716
688811479
920736690
988499418
10166462
531500753
371789037
419917943
343180864
128071780
15952489
266199899
326663852
438152687
493856347
94100806
505021352
557257275
196500641
808131761
499957866
274663374
199022886
826136893
112467686
568113475
824928190
440365625
767463585
226285489
718499245
477350844
276902921
267521733
944703505
238069308
554498548
332092240
558766774
99273744
353578483
765308529
291684240
87551078
319384095
680092316
483290786
199574251
648074194
890142958
161115003
235180299
426928073
238636613
211091834
434320267
293717658
512428930
915311199
264591668
397945201
828022437
742331058
292977396
772619600
103098315
167184938
193579585
132471150
986202050
471065901
592550678
802980845
407211006
924769740
632088484
954326853
732501039
495332697
847275288
565327858
361268601
231899789
192705902
574688979
483253611
784711814
830263208
490332568
633147557
90200404
595063901
322323294
623260352
115532328
893511271
80872883
413558326
697545673
155555672
238136577
486975180
933871872
862677735
490990364
337936477
288139692
603773265
881703810
753327374
556508175
573032777
834400895
667672398
109377555
417072724
947426634
508085251
369978610
362989781
445215046
109585390
320642395
114672981
37979473
477667532
937903837
91623422
563523910
902548916
849194667
202694570
192699402
188308750
176731823
496580697
168507200
50172693
488310091
711544723
18576248
54484840
10058568
958791402
931719318
828448358
772822221
517054735
521498890
650505289
161681762
990384098
513210039
947264731
417226121
886776035
985414348
669178079
997543549
12213956
673135853
994698859
351499323
942841379
