465669154
535352077
903839832
717088505
224558935
243469188
291225072
589937811
543919916
342384553
988535706
134447442
876466159
29536553
414273492
383033086
483251226
170589302
361440605
448970500
13904409
316475944
605017228
141316649
458923106
249701314
986490569
922704397
860037695
794798399
467409814
320392789
946893007
261620829
691791919
425369372
431765932
555193944
926305499
169964105
38765693
682134856
857511394
661349948
469940047
111191972
617039910
966467828
417937057
204242802
578436559
393328626
423348565
724128500
923509401
494308638
844588145
246992138
711362944
728969017
459132930
159327051
199904994
967093648
247185341
803730789
467464117
787054437
722286883
252398916
961257603
830276194
768143338
133682173
459800769
309488448
316896804
914569559
77950252
136614560
361306787
50749178
366125461
35563309
731778989
455936935
259354082
435851849
788907186
813453581
617138746
904902883
683170015
355568251
361743968
370023422
115650982
869916792
770353470
405486031
597126812
857341461
305650322
415797864
47595449
961788413
479723019
633156842
204292201
20437471
637803004
465258016
713468165
341028856
221190081
879027916
969682627
103389602
22823997
186528029
736086860
103452157
184312107
811183016
330153950
410596364
199824552
355653203
691535380
892935220
990119528
567085210
962201821
980203859
189063705
601138073
303752423
480200067
145363296
323096888
552752738
742264157
783823880
252549778
972189016
970074702
393307778
157517863
795602018
26075642
612660054
234592495
480191085
641139679
371225252
273547600
586155071
545611847
307178737
198059231
981763485
671665775
234748386
898578389
637128166
241944951
560503020
329067531
614371522
255749661
159236868
426224912
987864847
611570001
111579709
527984907
335436264
863553537
878314424
617497174
129924319
399536446
940485400
899450537
830180224
649554840
669732483
927522612
721598111
786292896
209886860
744899441
588478999
262712817
448716782
274223842
114011213
447151614
737812775
498995333
498375903
562457451
878953157
815358136
161463854
113278851
36892687
301378364
553915075
994407694
661368614
550325040
38670398
513117295
205219454
145134134
524950034
629724769
410864313
813148307
37551263
823146910
203991425
793390032
686583293
122007087
781156154
973038345
566234542
6890397
307090836
905445439
955893736
85632843
747879743
908941481
822923090
671069594
757754314
63841699
33607838
649456689
210115660
74482435
867283879
317818906
917491998
643778393
398370845
189766582
320491497
219705839
62015266
121862138
442411415
716281982
251274517
496407170
204016697
86023632
107249065
611559074
272102452
426533257
758297252
875976020
975806534
640773999
140442929
882727733
466239509
538759529
188313231
945998634
217851630
667798562
624420183
224148965
174057246
89098205
794326538
123988939
324989072
780443803
996212460
283659221
271856229
337837747
535586698
65301167
380231404
173393080
299362040
153738171
453694308
462442267
988241771
553679549
469609729
679735439
272339912
5496931
810420612
682766151
42185355
598411904
596687467
949677520
615735673
149973735
182207907
759864735
231753639
741993648
606900458
817304755
410875759
655642728
819739719
59807614
797928731
832208132
781880157
171798143
912526154
901042513
139208589
623900530
829704783
762529864
13915997
899512841
188335713
691430519
606281564
936722103
82272747
934756688
720713052
713324823
327676608
818369538
34189194
333382048
319680388
447777205
910601487
935651855
192537877
191152702
831094353
237406467
279623526
266379714
58353820
551555014
933128530
918972874
981897110
670657180
608025026
874008865
701766360
98327105
740846256
972743162
799631859
726690701
361057391
163376489
919161177
207973974
561268283
305474446
731612938
948963583
922265773
568832336
97964494
868995377
739820268
560116297
755485171
805290208
432447005
694401683
654518192
723871169
822779878
743767457
150335257
699959173
79941537
941395533
615280463
968659517
986270799
497162399
678020629
214914604
848993916
889499753
219571712
671113015
815904036
838339725
459871685
521408852
573838641
435249553
954022345
573719254
409722221
509399259
83923960
153532401
396167198
941795552
678878192
698071861
27103467
305253494
727836200
585027634
973632717
903867337
756320457
316978333
756280916
13280098
332650778
300792373
37048510
881841376
340955656
110711110
923134379
842781429
112552682
304479830
143936738
708818792
242632548
573807746
213909910
473157561
935783213
253600800
726083262
224620044
21741893
988826756
734524276
99698809
361864764
663534606
778755373
40602010
227155182
533465362
479109711
105904188
370292927
871855104
789238092
89204333
936959086
337445077
930455984
241232017
65851931
704377689
752345690
962130881
12141299
555571815
765005516
433188916
895710222
34333879
370564600
291072737
723384469
773376497
885057979
612663317
163451722
676079490
786483826
674878915
661124177
311742476
250840678
181410045
875199558
304742859
445169328
907081227
89027369
246925975
235100848
591831
202988382
343219245
934138252
507679191
151047489
212375888
472876227
29284343
100541197
7917492
898589903
813091577
592212441
298759232
429100074
991850733
856607637
954665640
379548942
128180740
903301754
618598243
156696914
703092246
621019112
216181380
172577663
694255752
49569174
351925666
967825189
930080756
188617801
372513533
54713170
476961067
193666869
339364312
990923299
919579727
576215261
145861334
977286201
27956488
72927609
539037178
836214888
969959941
177737065
861176971
572277186
924294978
941161058
913714423
842330141
676515937
532709918
463958458
569866457
539404384
235120440
564603383
626698701
729089657
993247040
36638456
974834378
149579557
375795978
178187893
912371130
390907443
824688498
4975563
99467910
629890900
364691168
102523177
853924670
37536727
525052600
475854471
800629668
243415552
85238118
619392532
335109747
384868527
398454390
397900756
518646010
277697879
469508591
228732270
960893475
285032063
667647916
486317228
965670008
532344868
940376381
11730544
716556387
219147832
660848153
103347372
561175956
911663266
789287704
389007292
516498647
865825260
857988851
535772734
962241300
626244380
399795961
840280513
115411873
374311217
831572991
360850107
286272609
757402885
477016538
401925909
104473142
221195669
367271400
842094993
873831455
188375954
693158549
8835791
965216993
779580830
299426465
546317458
689216764
156188750
409289432
996983361
403742082
979619651
846616619
623316608
706459747
928092823
383488582
333099102
437908479
689330525
482438361
439640259
878387614
356483414
625546632
387865052
960181877
694593923
626661620
507815454
536412424
316202051
808366034
319033339
748781153
407237455
691914960
902456688
318701391
278130669
896219976
380875555
149785365
680115519
271056891
604657734
974384553
522983415
900025121
726368615
902856361
358089923
500389382
466073362
641456495
749202478
919784919
518523894
833233503
443817556
883869910
734097286
446028065
78864320
884359543
417265644
382656546
7251459
113478367
329542665
520584527
715502120
648718743
758264906
201873034
217761604
670894903
318231043
788906182
757751268
358833814
990135315
277386273
127781294
245645164
267896506
115307933
922723644
244365079
186396955
315100547
86886111
254868940
431810834
665853937
183017285
249300886
698614487
353519273
915210846
999868728
950536162
579203584
571267516
160704701
267115935
829152830
215111243
244594238
513211374
294745080
656145777
145726101
155698108
566791964
449976642
251219190
169778382
135672845
443712573
857032479
126725404
417303283
669099688
557966724
235554578
994665119
708030542
516817209
323027508
515602986
7509419
34339484
479557849
219817768
4944148
639540685
373003124
381464830
339674029
998910847
37990052
48490736
872932085
303560749
285335046
335819214
715979490
434833353
744285739
186723489
974938595
131808365
949723716
955198828
460890247
588220674
817131825
381875317
185090189
391664837
310044820
536987882
61698349
484559483
97864744
86147114
874203788
874197254
526337590
798130462
226767307
148307167
278651410
558640784
897992671
462907823
692029869
279954961
742176571
560831992
812860021
3612476
41876272
552153708
922806238
181770188
5673345
641851732
449027079
592575818
926300469
725393567
883525470
595889858
366837815
789527079
579826817
467911568
626474209
353416946
69593584
366741544
652367744
764366099
847449360
75639999
510428928
22712778
409198668
46716298
505389292
952095998
696793877
425011846
49306966
954133521
2813745
671415241
417699680
290658338
817882778
122574636
603785312
822010595
66374128
326949495
583848376
396484194
668903522
278370072
440540730
633878147
394535030
731949379
955962903
675205167
521283969
631919397
482662682
580960546
910416281
306939570
128225406
451956820
718207730
495652190
547920380
19580676
118240026
453735979
929906617
406430547
87975796
363435577
78789880
993644591
525267579
17521163
855862809
847830344
703620450
281859593
618147809
958359315
349442133
154253833
713402801
614890507
430178004
331935309
534537842
615339564
79143051
76069417
114430480
636110600
951026387
818861590
750916177
19260146
701458315
397327427
691769692
435364121
214693937
17517240
480782177
366209788
665381257
53962073
168577417
118036798
493545769
571334173
225600673
123902937
896337940
18792334
659751500
622850957
495753544
892208395
537421877
413905878
428451236
285447891
834239496
274532170
221955564
159104849
300605424
806033025
470948065
843566730
817154355
922474528
508012644
763012183
536554513
935070002
975115896
617921312
960603694
200560515
445266840
295904024
985366699
599979661
18214856
594129027
862138606
693292150
119708465
431362780
968307385
255747153
570751622
603603397
259728383
43389181
361458423
294522352
285012292
58020497
463521342
490402198
682167318
286011005
445971419
168985810
149325207
870702797
620824023
632628949
983819953
944758272
938366807
638374573
417677195
896652320
876261293
41043770
142610911
674610487
122293070
